"Symbol","Date","Open","High","Low","Close","Percent Change","Volume"
"GILB","2025-01-07","1170","1193.3","1170","1185","1.11 %","5,032.00"
"GILB","2025-01-06","1176","1181.9","1153.1","1172","1.47 %","3,402.00"
"GILB","2025-01-05","1131.9","1164.9","1131.9","1155","0.00 %","2,445.00"
"GILB","2025-01-02","1194.9","1194.9","1155","1155","-1.45 %","1,422.00"
"GILB","2025-01-01","1183","1183","1156.1","1172","1.03 %","652.00"
"GILB","2024-12-31","1154.5","1199.9","1154.5","1160","-1.53 %","1,571.00"
"GILB","2024-12-29","1169","1210","1165","1178","0.77 %","5,225.00"
"GILB","2024-12-26","1197","1197","1160","1169","-0.68 %","1,263.00"
"GILB","2024-12-24","1185","1185","1163","1177","1.20 %","1,489.00"
"GILB","2024-12-23","1145.1","1164","1145.1","1163","0.87 %","2,158.00"
"GILB","2024-12-22","1165","1165","1150","1153","-2.21 %","1,928.00"
"GILB","2024-12-19","1166","1180","1147","1179","-0.76 %","5,858.00"
"GILB","2024-12-18","1201","1220","1165.4","1188","-1.66 %","4,195.00"
"GILB","2024-12-17","1216","1216","1190","1208","-2.58 %","6,856.00"
"GILB","2024-12-16","1239","1241","1235","1240","-1.59 %","1,724.00"
"GILB","2024-12-12","1299.5","1331","1255","1260","-1.56 %","1,766.00"
"GILB","2024-12-11","1265","1280","1250.1","1280","1.19 %","3,216.00"
"GILB","2024-12-10","1249.5","1283","1242.1","1265","-0.78 %","1,038.00"
"GILB","2024-12-09","1274","1284.2","1250","1275","0.00 %","1,962.00"
"GILB","2024-12-08","1266","1295","1256","1275","-1.24 %","3,646.00"
"GILB","2024-12-05","1324.9","1324.9","1285","1291","-1.22 %","1,357.00"
"GILB","2024-12-04","1281","1340","1281","1307","0.54 %","1,945.00"
"GILB","2024-12-03","1323","1340","1296","1300","-1.59 %","5,237.00"
"GILB","2024-12-02","1334","1335","1313","1321","0.69 %","4,891.00"
"GILB","2024-12-01","1316","1329","1295","1312","-1.13 %","3,363.00"
"GILB","2024-11-28","1308","1365","1308","1327","0.08 %","3,347.00"
"GILB","2024-11-27","1319.1","1350","1319.1","1326","-1.04 %","3,360.00"
"GILB","2024-11-26","1384","1384","1339","1340","-1.25 %","3,063.00"
"GILB","2024-11-25","1322","1360","1322","1357","1.42 %","2,459.00"
"GILB","2024-11-24","1307.1","1363","1307.1","1338","2.37 %","8,044.00"
"GILB","2024-11-21","1359","1365","1302","1307","-1.95 %","5,348.00"
"GILB","2024-11-20","1311","1350","1311","1333","0.00 %","2,933.00"
"GILB","2024-11-19","1354.1","1377","1333","1333","-2.70 %","5,375.00"
"GILB","2024-11-17","1375","1402","1361","1370","1.56 %","11,559.00"
"GILB","2024-11-14","1359","1367","1347","1349","1.05 %","5,256.00"
"GILB","2024-11-13","1350","1375","1335","1335","-1.11 %","4,680.00"
"GILB","2024-11-12","1366","1393.3","1350","1350","0.75 %","9,279.00"
"GILB","2024-11-11","1280.1","1389.7","1280.1","1340","4.69 %","8,495.00"
"GILB","2024-11-10","1251.1","1295.1","1251.1","1280","0.70 %","3,367.00"
"GILB","2024-11-06","1269","1300","1269","1271.1","-0.85 %","1,473.00"
"GILB","2024-11-05","1280","1304.9","1260","1282","0.87 %","799.00"
"GILB","2024-10-30","1255","1275","1253","1271","2.91 %","4,550.00"
"GILB","2024-10-29","1266","1266","1234","1235","-0.57 %","2,041.00"
"GILB","2024-10-28","1249","1250","1230","1242.1","1.40 %","929.00"
"GILB","2024-10-27","1225","1230","1225","1225","-1.21 %","497.00"
"GILB","2024-10-24","1251","1251","1240","1240","-2.24 %","2,030.00"
"GILB","2024-10-23","1245.3","1270","1245.3","1268.4","0.35 %","2,242.00"
"GILB","2024-10-22","1235","1270","1227","1264","1.52 %","2,529.00"
"GILB","2024-10-21","1272.2","1272.2","1240","1245.1","-3.48 %","3,063.00"
"GILB","2024-10-20","1290","1300","1272.1","1290","-1.90 %","2,383.00"
"GILB","2024-10-17","1320","1320","1299","1315","-0.38 %","1,926.00"
"GILB","2024-10-16","1275","1320","1270","1320","3.26 %","1,889.00"
"GILB","2024-10-15","1290","1290","1265","1278.3","0.65 %","642.00"
"GILB","2024-10-09","1258","1270","1235.2","1270","0.95 %","908.00"
"GILB","2024-10-08","1257.1","1282.1","1257.1","1258","-1.87 %","1,122.00"
"GILB","2024-10-07","1260.1","1300","1250","1282","0.55 %","6,305.00"
"GILB","2024-10-06","1280","1280.1","1245","1275","1.59 %","1,649.00"
"GILB","2024-10-02","1260","1260","1227","1255","0.40 %","4,569.00"
"GILB","2024-10-01","1160","1250","1160","1250","8.60 %","6,720.00"
"GILB","2024-09-30","1165","1168","1140","1151","0.52 %","2,992.00"
"GILB","2024-09-29","1138.9","1155","1121","1145","2.39 %","2,401.00"
"GILB","2024-09-26","1172","1196","1118.2","1118.3","-2.76 %","6,403.00"
"GILB","2024-09-25","1145","1175","1131.1","1150","0.44 %","3,892.00"
"GILB","2024-09-24","1168.1","1180","1142.7","1145","-2.80 %","4,693.00"
"GILB","2024-09-23","1215","1229.9","1175","1178","-4.23 %","6,114.00"
"GILB","2024-09-22","1259","1284","1220","1230","-0.42 %","3,977.00"
"GILB","2024-09-18","1247","1270","1235.2","1235.2","-1.89 %","3,397.00"
"GILB","2024-09-16","1290","1295","1255","1259","-2.40 %","7,865.00"
"GILB","2024-09-15","1335","1350","1290","1290","-2.64 %","4,807.00"
"GILB","2024-09-12","1301.3","1339","1301.3","1325","1.77 %","4,258.00"
"GILB","2024-09-11","1354","1354","1302","1302","-1.96 %","4,441.00"
"GILB","2024-09-10","1341","1375","1325.3","1328","-2.27 %","5,562.00"
"GILB","2024-09-09","1400","1400","1353","1358.9","-2.87 %","9,909.00"
"GILB","2024-09-08","1406","1440","1391","1399","1.23 %","37,550.00"
"GILB","2024-09-05","1314.1","1400","1287","1382","3.60 %","19,886.00"
"GILB","2024-09-04","1354.9","1363.7","1311.5","1334","-0.30 %","10,552.00"
"GILB","2024-09-03","1370","1383.7","1335","1338","-1.62 %","8,574.00"
"GILB","2024-09-02","1320.5","1360","1295","1360","5.02 %","4,069.00"
"GILB","2024-09-01","1300","1339.9","1291.1","1295","-2.26 %","6,220.00"
"GILB","2024-08-29","1328","1335","1315","1325","-0.23 %","9,418.00"
"GILB","2024-08-28","1346","1400","1325","1328","-1.34 %","9,122.00"
"GILB","2024-08-27","1380","1435","1346","1346","-1.39 %","14,347.00"
"GILB","2024-08-25","1320","1420","1311","1365","2.90 %","19,438.00"
"GILB","2024-08-22","1350","1353","1326.5","1326.5","-1.08 %","14,093.00"
"GILB","2024-08-21","1363","1379","1341","1341","-1.61 %","10,232.00"
"GILB","2024-08-18","1380","1400","1363","1363","-1.59 %","16,498.00"
"GILB","2024-08-15","1408.8","1408.8","1375","1385","0.07 %","15,558.00"
"GILB","2024-08-14","1380","1391","1364","1384","-0.14 %","15,894.00"
"GILB","2024-08-13","1450.1","1450.1","1384","1386","-2.60 %","17,430.00"
"GILB","2024-08-12","1470","1470","1418.2","1423","-1.59 %","20,420.00"
"GILB","2024-08-11","1345.6","1485","1345.6","1446","5.32 %","20,312.00"
"GILB","2024-08-08","1390","1440","1373","1373","-1.15 %","12,591.00"
"GILB","2024-08-07","1350.5","1409","1350.5","1389","0.80 %","14,240.00"
"GILB","2024-08-06","1405","1431","1378","1378","-2.27 %","20,983.00"
"GILB","2024-08-05","1421","1421","1392.7","1410","1.15 %","12,206.00"
"GILB","2024-08-01","1450","1468.8","1387","1394","-2.59 %","28,753.00"
"GILB","2024-07-31","1425","1445","1396.5","1431","0.42 %","20,471.00"
"GILB","2024-07-30","1400","1449","1400","1425","1.79 %","16,107.00"
"GILB","2024-07-29","1482","1482","1400","1400","-5.53 %","36,885.00"
"GILB","2024-07-28","1530","1549","1470","1482","-3.14 %","27,506.00"
"GILB","2024-07-25","1427","1530","1427","1530","9.28 %","74,345.00"
"GILB","2024-07-24","1415","1436","1390","1400.1","-1.05 %","17,824.00"
"GILB","2024-07-23","1425","1425","1400","1415","0.64 %","25,931.00"
"GILB","2024-07-22","1418","1423","1391","1406","-0.85 %","15,875.00"
"GILB","2024-07-21","1432","1450","1403.4","1418","1.00 %","18,580.00"
"GILB","2024-07-18","1380","1458","1380","1404","-0.21 %","28,410.00"
"GILB","2024-07-17","1370","1430","1370","1407","0.86 %","13,793.00"
"GILB","2024-07-16","1388.9","1400","1377","1395","2.20 %","14,271.00"
"GILB","2024-07-15","1422","1422","1365","1365","-2.15 %","13,880.00"
"GILB","2024-07-14","1435.1","1478","1381.8","1395","-0.85 %","26,677.00"
"GILB","2024-07-11","1455","1455","1405","1407","-1.61 %","25,026.00"
"GILB","2024-07-10","1464.2","1550","1420.1","1430","-4.28 %","43,333.00"
"GILB","2024-07-09","1409.3","1555","1409.3","1494","3.89 %","85,424.00"
"GILB","2024-07-08","1458.6","1458.6","1392","1438","0.56 %","13,567.00"
"GILB","2024-07-07","1385","1430","1385","1430","1.42 %","15,632.00"
"GILB","2024-07-04","1355","1414.5","1355","1410","2.25 %","13,978.00"
"GILB","2024-07-03","1375","1389.9","1340","1379","0.88 %","14,540.00"
"GILB","2024-07-02","1388.8","1477","1366.4","1367","0.40 %","13,623.00"
"GILB","2024-07-01","1357","1364.9","1340.1","1361.6","0.34 %","7,847.00"
"GILB","2024-06-30","1413","1414","1355","1357","-2.42 %","42,156.00"
"GILB","2024-06-27","1458","1458","1390.6","1390.6","-2.76 %","6,946.00"
"GILB","2024-06-26","1389","1455.5","1389","1430","3.10 %","62,382.00"
"GILB","2024-06-25","1381.8","1409.4","1373","1387","-1.63 %","30,507.00"
"GILB","2024-06-24","1400","1489.2","1373.1","1410","-0.70 %","43,674.00"
"GILB","2024-06-23","1489.6","1489.6","1406","1420","-6.58 %","26,913.00"
"GILB","2024-06-20","1600","1600","1457","1520","-5.30 %","57,150.00"
"GILB","2024-06-19","1514.1","1605","1468","1605","3.88 %","60,009.00"
"GILB","2024-06-18","1517.2","1632","1470","1545","-0.20 %","61,626.00"
"GILB","2024-06-16","1605.3","1632","1512","1548.1","-5.49 %","29,342.00"
"GILB","2024-06-13","1620","1750","1620","1638","1.34 %","37,158.00"
"GILB","2024-06-12","1649.4","1815","1584.7","1616.3","-3.96 %","61,252.00"
"GILB","2024-06-11","1671.3","1772","1605.2","1683","-1.31 %","65,193.00"
"GILB","2024-06-10","1576.9","1705.4","1576.9","1705.4","5.99 %","52,959.00"
"GILB","2024-06-09","1610.2","1673","1547","1609","-2.07 %","70,457.00"
"GILB","2024-06-06","1509.2","1643","1509.2","1643","6.69 %","42,568.00"
"GILB","2024-06-05","1417.6","1591","1417.6","1540","6.46 %","55,880.00"
"GILB","2024-06-04","1290","1446.5","1290","1446.5","10.00 %","77,297.00"
"GILB","2024-06-03","1215.3","1317.9","1215.3","1315","6.04 %","24,985.00"
"GILB","2024-06-02","1280","1280","1237","1240.1","-2.15 %","14,535.00"
"GILB","2024-05-30","1254.4","1286","1254.4","1267.4","-0.98 %","16,650.00"
"GILB","2024-05-29","1230","1314","1207","1279.9","1.98 %","56,776.00"
"GILB","2024-05-27","1164","1255","1164","1255","6.00 %","28,159.00"
"GILB","2024-05-26","1224","1224","1165","1184","-3.27 %","12,411.00"
"GILB","2024-05-22","1249","1250","1200","1224","-0.16 %","17,302.00"
"GILB","2024-05-21","1220","1250","1196.1","1226","0.49 %","7,412.00"
"GILB","2024-05-20","1216","1265.1","1204.5","1220","-1.53 %","20,270.00"
"GILB","2024-05-19","1251","1270","1197.1","1239","-1.18 %","22,231.00"
"GILB","2024-05-16","1138.1","1255","1136","1253.8","9.03 %","42,863.00"
"GILB","2024-05-15","1152.5","1187","1142.1","1150","-2.13 %","17,676.00"
"GILB","2024-05-14","1145.7","1230","1145.7","1175","0.51 %","46,122.00"
"GILB","2024-05-13","1115","1189","1115","1169","4.10 %","30,091.00"
"GILB","2024-05-12","1165","1167.9","1117","1123","-1.92 %","18,181.00"
"GILB","2024-05-09","1107.2","1174","1107.2","1145","1.35 %","33,236.00"
"GILB","2024-05-08","1043.7","1130","1043.7","1129.7","6.08 %","29,334.00"
"GILB","2024-05-07","1020","1087.5","1000","1065","5.45 %","11,201.00"
"GILB","2024-05-06","1018","1038","1000.1","1010","-2.70 %","6,601.00"
"GILB","2024-05-05","1063.3","1120","1022","1038","-4.33 %","22,569.00"
"GILB","2024-05-02","1060","1100","1045","1085","4.33 %","16,867.00"
"GILB","2024-04-30","1009","1053","991","1040","3.07 %","20,591.00"
"GILB","2024-04-29","995","1014","995","1009","0.60 %","10,525.00"
"GILB","2024-04-28","993","1010","973.3","1003","0.91 %","8,974.00"
"GILB","2024-04-25","966","994","965.1","994","1.53 %","5,713.00"
"GILB","2024-04-24","972","990.5","965.5","979","-0.61 %","6,164.00"
"GILB","2024-04-22","973.2","1011","960","985","-0.81 %","9,514.00"
"GILB","2024-04-21","965","993","946.1","993","2.90 %","11,934.00"
"GILB","2024-04-18","976","978.7","950","965","-2.43 %","7,647.00"
"GILB","2024-04-16","986.9","990","971","989","0.26 %","5,873.00"
"GILB","2024-04-15","1021","1031","985","986.4","-3.39 %","11,414.00"
"GILB","2024-04-14","950.6","1035","950.6","1021","5.26 %","32,497.00"
"GILB","2024-04-10","971.1","980.2","950","970","-1.92 %","12,128.00"
"GILB","2024-04-09","999.9","1000","963.1","989","0.89 %","7,517.00"
"GILB","2024-04-07","1014","1038","980.3","980.3","-1.77 %","8,558.00"
"GILB","2024-04-04","970","1010","970","998","2.77 %","15,713.00"
"GILB","2024-04-03","981.9","1000","971.1","971.1","-1.71 %","7,871.00"
"GILB","2024-04-02","955","1005","950.2","988","5.01 %","24,984.00"
"GILB","2024-04-01","924.3","944.8","924.3","940.9","1.52 %","5,774.00"
"GILB","2024-03-31","918","945","918","926.8","-0.61 %","4,603.00"
"GILB","2024-03-28","916","944","916","932.5","0.91 %","5,921.00"
"GILB","2024-03-27","921.3","934","917","924.1","-0.74 %","9,870.00"
"GILB","2024-03-26","915.8","946.7","906.7","931","2.43 %","7,113.00"
"GILB","2024-03-25","915.1","934.9","902","908.9","-2.08 %","16,461.00"
"GILB","2024-03-21","922","941.4","922","928.2","-1.26 %","7,829.00"
"GILB","2024-03-20","936","975","928","940","0.43 %","22,093.00"
"GILB","2024-03-19","908","952.9","875.1","936","5.05 %","25,784.00"
"GILB","2024-03-18","865","891","844","891","4.81 %","9,754.00"
"GILB","2024-03-17","880","880","836","850.1","-2.17 %","3,879.00"
"GILB","2024-03-14","868","884","853","869","-1.80 %","2,153.00"
"GILB","2024-03-13","897","902","877.2","884.9","-1.35 %","4,168.00"
"GILB","2024-03-12","849.5","900.6","835","897","7.68 %","14,293.00"
"GILB","2024-03-10","811","840","800.5","833","3.61 %","6,586.00"
"GILB","2024-03-07","812","828","781","804","0.99 %","1,835.00"
"GILB","2024-03-06","810.9","860.4","779.1","796.1","-1.83 %","2,580.00"
"GILB","2024-03-05","840","840","795","810.9","-3.35 %","2,373.00"
"GILB","2024-03-04","823.2","839","806.8","839","-0.12 %","456.00"
"GILB","2024-03-03","751.3","842","750","840","9.70 %","5,322.00"
"GILB","2024-02-29","793.6","820","764","765.7","-1.59 %","903.00"
"GILB","2024-02-28","805.8","805.8","776","778.1","-1.51 %","930.00"
"GILB","2024-02-27","825","825","790","790","-2.83 %","3,110.00"
"GILB","2024-02-26","805","817","795","813","0.99 %","1,123.00"
"GILB","2024-02-25","796.2","808","782","805","-0.86 %","930.00"
"GILB","2024-02-22","811.2","817","802","812","0.10 %","1,962.00"
"GILB","2024-02-21","819","834","811.1","811.2","-0.96 %","2,119.00"
"GILB","2024-02-20","816","830","816","819.1","-0.72 %","1,092.00"
"GILB","2024-02-18","834","848.9","823","825","-2.94 %","2,016.00"
"GILB","2024-02-15","864.7","864.7","832.8","850","0.12 %","2,328.00"
"GILB","2024-02-14","826","894","825","849","2.29 %","2,478.00"
"GILB","2024-02-13","845","849.9","830","830","-1.43 %","2,278.00"
"GILB","2024-02-12","845","850","836","842","-0.36 %","1,336.00"
"GILB","2024-02-11","848","855","840","845","-0.02 %","1,983.00"
"GILB","2024-02-08","858","858","842","845.2","-1.15 %","2,195.00"
"GILB","2024-02-07","850","859","846.4","855","0.59 %","1,155.00"
"GILB","2024-02-06","851","855.8","834","850","-0.12 %","1,492.00"
"GILB","2024-02-05","850","859.9","835.1","851","0.71 %","1,679.00"
"GILB","2024-02-04","847","860","830","845","-1.17 %","2,724.00"
"GILB","2024-02-01","861","884","840","855","-1.84 %","1,855.00"
"GILB","2024-01-31","898.9","937","853.8","871","-1.47 %","4,549.00"
"GILB","2024-01-30","862.4","922","862.4","884","0.45 %","3,074.00"
"GILB","2024-01-29","847.7","899.4","847.7","880","1.73 %","3,212.00"
"GILB","2024-01-28","835","935","835","865","1.53 %","4,188.00"
"GILB","2024-01-25","842.1","874","842","852","-0.70 %","2,679.00"
"GILB","2024-01-24","857.5","936.3","857.5","858","-1.94 %","4,083.00"
"GILB","2024-01-23","871","895","871","875","-1.46 %","3,081.00"
"GILB","2024-01-22","891.7","990","885","888","-2.40 %","9,187.00"
"GILB","2024-01-21","906.5","990","879.2","909.8","-1.64 %","7,958.00"
"GILB","2024-01-18","977.9","977.9","900","925","-7.30 %","5,298.00"
"GILB","2024-01-17","889","997.8","885.1","997.8","10.00 %","12,556.00"
"GILB","2024-01-16","910","920.7","885","907.1","0.79 %","7,107.00"
"GILB","2024-01-14","872.6","904.8","872.6","900","1.08 %","6,868.00"
"GILB","2024-01-11","855","929","843","890.4","3.64 %","5,099.00"
"GILB","2024-01-10","845","872.1","820.1","859.1","3.20 %","9,519.00"
"GILB","2024-01-09","843.9","844.4","828","832.5","0.54 %","2,143.00"
"GILB","2024-01-08","822","835","806","828","0.96 %","4,995.00"
"GILB","2024-01-07","810","824.5","803","820.1","-0.59 %","3,402.00"
"GILB","2024-01-04","823.3","844.9","810","825","-1.77 %","3,054.00"
"GILB","2024-01-03","818.3","871","805","839.9","0.60 %","2,527.00"
"GILB","2024-01-02","827.2","911","813","834.9","-1.08 %","3,578.00"
"GILB","2024-01-01","861","878.5","820.1","844","-0.06 %","2,883.00"
"GILB","2023-12-28","845","905","824","844.5","0.18 %","3,298.00"
"GILB","2023-12-27","865","893.8","828","843","-1.94 %","1,679.00"
"GILB","2023-12-24","840.9","864","840.9","859.7","0.20 %","3,566.00"
"GILB","2023-12-21","869.1","876","845","858","-3.05 %","8,885.00"
"GILB","2023-12-20","889","902","871.5","885","0.12 %","5,466.00"
"GILB","2023-12-19","882","889.9","864.4","883.9","2.11 %","5,664.00"
"GILB","2023-12-18","807.6","889.4","807.6","865.6","5.05 %","19,721.00"
"GILB","2023-12-17","810.5","843","785","824","-0.36 %","3,850.00"
"GILB","2023-12-14","793.8","827.4","793.8","827","2.10 %","5,604.00"
"GILB","2023-12-13","812","827.5","797","810","1.63 %","4,109.00"
"GILB","2023-12-12","816","816","796","797","-0.38 %","4,481.00"
"GILB","2023-12-11","822","835","790","800","-2.75 %","7,099.00"
"GILB","2023-12-10","775.2","822.6","775.2","822.6","3.99 %","40.00"
"GILB","2023-12-07","840.9","840.9","788","791","-7.81 %","2,665.00"
"GILB","2023-12-06","795.5","858","752","858","10.00 %","1,687.00"
"GILB","2023-12-05","748.3","780","748.1","780","3.43 %","1,712.00"
"GILB","2023-12-04","753","765","748","754.1","0.12 %","1,604.00"
"GILB","2023-12-03","780","780","753","753.2","-2.56 %","2,263.00"
"GILB","2023-11-30","775","787","773","773","-2.03 %","1,971.00"
"GILB","2023-11-29","786","790","775","789","0.38 %","1,010.00"
"GILB","2023-11-28","809.9","836.4","767.1","786","-1.13 %","2,016.00"
"GILB","2023-11-27","814","814","795","795","-2.33 %","1,250.00"
"GILB","2023-11-26","836.4","836.4","774.1","814","-0.73 %","2,143.00"
"GILB","2023-11-23","820","835","777","820","-1.80 %","3,628.00"
"GILB","2023-11-22","842.8","842.8","826","835","-2.91 %","332.00"
"GILB","2023-11-21","896.7","896.7","823.5","860","-6.01 %","4,133.00"
"GILB","2023-11-20","815.4","915","782","915","9.98 %","7,412.00"
"GILB","2023-11-09","852.6","852.6","783","832","-4.37 %","2,541.00"
"GILB","2023-11-08","788.9","870","774","870","8.07 %","2,976.00"
"GILB","2023-11-07","788","847.7","779.1","805","0.75 %","2,959.00"
"GILB","2023-11-06","781","844","781","799","0.38 %","3,520.00"
"GILB","2023-11-05","834","850.6","788","796","-2.69 %","3,172.00"
"GILB","2023-11-02","820","825","810.1","818","-0.85 %","2,616.00"
"GILB","2023-11-01","825.1","898.3","815","825","-0.60 %","1,505.00"
"GILB","2023-10-31","861.3","896","820.1","830","-1.72 %","2,368.00"
"GILB","2023-10-30","828.6","862.3","812.2","844.5","-0.12 %","1,112.00"
"GILB","2023-10-29","839.8","860","823","845.5","-1.32 %","1,089.00"
"GILB","2023-10-19","851","915.3","835","856.8","-1.29 %","3,961.00"
"GILB","2023-10-18","856.9","874.9","823.2","868","-0.69 %","3,649.00"
"GILB","2023-10-17","872.1","905.5","837.9","874","2.22 %","1,012.00"
"GILB","2023-10-16","862.1","862.1","840","855","-2.76 %","1,490.00"
"GILB","2023-10-12","882","899.4","845.1","879.3","-2.30 %","2,103.00"
"GILB","2023-10-11","886","900","851.2","900","-0.44 %","1,298.00"
"GILB","2023-10-10","922.8","922.8","850.1","904","-0.09 %","1,571.00"
"GILB","2023-10-09","910","910","841.2","904.8","1.37 %","3,192.00"
"GILB","2023-10-08","900","900","850","892.6","-2.23 %","1,851.00"
"GILB","2023-10-05","893.8","929.8","875","913","0.11 %","1,852.00"
"GILB","2023-10-04","866.6","954","866.6","912","3.14 %","3,315.00"
"GILB","2023-10-03","883","959.9","870","884.2","-1.86 %","1,295.00"
"GILB","2023-10-02","966.9","966.9","853.2","901","-4.96 %","2,515.00"
"GILB","2023-10-01","894","948","855","948","5.93 %","2,621.00"
"GILB","2023-09-27","914.9","914.9","866","894.9","-0.23 %","1,529.00"
"GILB","2023-09-26","873","902.9","873","897","0.80 %","2,963.00"
"GILB","2023-09-25","906.6","906.6","865","889.9","0.11 %","768.00"
"GILB","2023-09-24","902.7","902.7","850.1","888.9","0.44 %","2,507.00"
"GILB","2023-09-21","843","894.5","843","885","2.91 %","5,106.00"
"GILB","2023-09-19","874.8","874.8","835","860","-0.35 %","2,398.00"
"GILB","2023-09-18","866.7","899.9","817.1","863","1.55 %","1,306.00"
"GILB","2023-09-17","885.2","885.2","825.2","849.8","-2.09 %","984.00"
"GILB","2023-09-13","878.2","878.2","830","867.9","0.80 %","3,630.00"
"GILB","2023-09-12","886.2","886.2","835","861","-0.91 %","589.00"
"GILB","2023-09-11","874.9","875","809","868.9","0.57 %","1,507.00"
"GILB","2023-09-10","836","864.9","803.7","864","5.35 %","2,122.00"
"GILB","2023-09-07","849","849","804.1","820.1","-1.54 %","607.00"
"GILB","2023-09-05","845","845","819","832.9","-0.01 %","356.00"
"GILB","2023-09-04","853.7","853.7","815","833","-0.48 %","1,773.00"
"GILB","2023-09-03","848.9","865.8","822.3","837","-1.40 %","1,624.00"
"GILB","2023-08-30","861.7","861.7","835.1","848.9","0.47 %","919.00"
"GILB","2023-08-29","860","860","833.3","844.9","0.11 %","906.00"
"GILB","2023-08-28","841","850","831","844","0.36 %","571.00"
"GILB","2023-08-27","860","866","827","841","-2.32 %","1,709.00"
"GILB","2023-08-24","874","874","841","861","0.47 %","1,873.00"
"GILB","2023-08-23","869","869","852","857","-0.24 %","2,111.00"
"GILB","2023-08-22","874.9","874.9","838","859.1","0.15 %","1,683.00"
"GILB","2023-08-21","840","881.2","836","857.8","1.14 %","2,089.00"
"GILB","2023-08-20","915","929","842.8","848.1","-7.31 %","4,931.00"
"GILB","2023-08-17","930.2","930.2","860","915","0.33 %","4,652.00"
"GILB","2023-08-16","924","924","877","912","0.33 %","1,863.00"
"GILB","2023-08-15","930","930","875","909","-0.64 %","4,886.00"
"GILB","2023-08-14","938.4","947.9","890","914.9","-0.55 %","4,213.00"
"GILB","2023-08-13","934","950","890","920","-1.50 %","1,714.00"
"GILB","2023-08-10","943.5","959.6","919.3","934","0.97 %","1,442.00"
"GILB","2023-08-09","958.5","958.5","907.5","925","-1.69 %","230.00"
"GILB","2023-08-08","982.8","982.8","914","940.9","-2.36 %","743.00"
"GILB","2023-08-07","962.3","963.6","907.1","963.6","2.13 %","4,135.00"
"GILB","2023-08-06","987","1025","890","943.5","-2.51 %","2,131.00"
"GILB","2023-08-03","968.6","997","931","967.8","1.91 %","2,459.00"
"GILB","2023-08-02","968","968","932.2","949.7","-0.15 %","660.00"
"GILB","2023-08-01","964.1","976","940.9","951.1","-2.65 %","924.00"
"GILB","2023-07-31","1007.8","1007.8","952","977","-1.12 %","2,339.00"
"GILB","2023-07-30","985","988.1","940","988.1","-1.68 %","3,725.00"
"GILB","2023-07-27","1020","1020","955","1005","0.00 %","6,929.00"
"GILB","2023-07-26","1030","1048","989.5","1005","-4.38 %","4,353.00"
"GILB","2023-07-25","1110.7","1110.7","1030","1051","-3.49 %","2,336.00"
"GILB","2023-07-24","1089","1089","1030","1089","0.83 %","5,044.00"
"GILB","2023-07-23","1084.6","1105","1060","1080","-2.41 %","2,959.00"
"GILB","2023-07-20","1050","1106.7","1002.8","1106.7","5.41 %","4,035.00"
"GILB","2023-07-19","1068","1089","1020","1049.9","0.18 %","4,727.00"
"GILB","2023-07-18","1075.9","1075.9","1006","1048","-0.65 %","6,085.00"
"GILB","2023-07-17","1039.8","1059","961","1054.9","-0.57 %","10,661.00"
"GILB","2023-07-16","1020","1061","970","1061","5.05 %","6,715.00"
"GILB","2023-07-13","1027","1027","970","1010","0.30 %","5,366.00"
"GILB","2023-07-12","1020","1081","942","1007","0.50 %","6,089.00"
"GILB","2023-07-11","946.7","1002","906","1002","7.95 %","4,814.00"
"GILB","2023-07-10","934.5","934.9","900","928.2","1.22 %","2,399.00"
"GILB","2023-07-09","932","932.9","915","917","-0.86 %","4,604.00"
"GILB","2023-07-06","902","925","870","925","0.54 %","3,135.00"
"GILB","2023-07-05","901","929.2","901","920","2.22 %","14,872.00"
"GILB","2023-07-04","862.4","904.9","862.4","900","2.27 %","6,124.00"
"GILB","2023-07-03","920","928","876","880","-3.30 %","3,321.00"
"GILB","2023-07-02","922","941.1","901.6","910","-3.19 %","5,174.00"
"GILB","2023-06-28","1001","1001","940","940","-5.71 %","7,746.00"
"GILB","2023-06-27","930","1020","930","996.9","7.19 %","11,542.00"
"GILB","2023-06-26","892","938","892","930","2.20 %","6,487.00"
"GILB","2023-06-25","906","913.9","888","910","0.44 %","7,815.00"
"GILB","2023-06-22","875","906","875","906","2.38 %","5,106.00"
"GILB","2023-06-21","893.8","910","865","884.9","-2.97 %","2,823.00"
"GILB","2023-06-20","951.6","990","900","912","-2.25 %","8,382.00"
"GILB","2023-06-19","923","939","888","933","2.66 %","12,517.00"
"GILB","2023-06-18","899.6","908.9","868","908.8","3.04 %","6,948.00"
"GILB","2023-06-15","910","910","875","882","-1.67 %","2,133.00"
"GILB","2023-06-14","877.9","927.9","850.1","897","3.71 %","10,168.00"
"GILB","2023-06-13","854","869","824","864.9","3.22 %","20,078.00"
"GILB","2023-06-12","853","869.9","819.2","837.9","0.18 %","3,946.00"
"GILB","2023-06-11","820","839.9","808","836.4","1.50 %","3,557.00"
"GILB","2023-06-08","801","833","801","824","0.86 %","2,042.00"
"GILB","2023-06-07","820","836.4","796","817","0.25 %","3,345.00"
"GILB","2023-06-06","805","815","800","815","1.24 %","1,227.00"
"GILB","2023-06-05","830","838","803.6","805","-2.19 %","1,672.00"
"GILB","2023-06-04","829.2","845.7","809","823","1.23 %","1,645.00"
"GILB","2023-06-01","804","820","789","813","1.01 %","5,469.00"
"GILB","2023-05-31","787","819","770","804.9","0.24 %","2,367.00"
"GILB","2023-05-30","830","830","786.4","803","-4.62 %","4,428.00"
"GILB","2023-05-28","877.2","877.2","814","841.9","-2.10 %","7,095.00"
"GILB","2023-05-24","805.1","860","805.1","860","4.87 %","5,606.00"
"GILB","2023-05-23","769.9","833","754.6","820.1","7.92 %","14,806.00"
"GILB","2023-05-22","745","771","731","759.9","-0.01 %","2,265.00"
"GILB","2023-05-21","765.9","772.5","725.9","760","1.20 %","2,618.00"
"GILB","2023-05-18","716.6","751","716.6","751","2.72 %","2,286.00"
"GILB","2023-05-17","713","740","713","731.1","0.56 %","895.00"
"GILB","2023-05-16","716.2","729.8","701","727","-0.26 %","3,773.00"
"GILB","2023-05-15","725","733.9","711","728.9","0.01 %","2,161.00"
"GILB","2023-05-14","740","760","721","721.1","-4.33 %","1,970.00"
"GILB","2023-05-11","735","760","725","753.7","0.49 %","2,088.00"
"GILB","2023-05-10","765","765","749.7","750","0.00 %","65.00"
"GILB","2023-05-09","770","770","750","750","-1.04 %","799.00"
"GILB","2023-05-08","769.9","775","718","757.9","-1.57 %","1,458.00"
"GILB","2023-05-07","800.7","800.7","720.3","770","-1.91 %","2,062.00"
"GILB","2023-05-04","770","785","755","785","0.64 %","2,398.00"
"GILB","2023-05-03","772.5","780","769.3","780","-0.64 %","554.00"
"GILB","2023-05-02","789","800","773.3","785","-0.51 %","160.00"
"GILB","2023-04-30","804","804","767.5","789","-1.23 %","1,257.00"
"GILB","2023-04-27","778","800","775","798.8","1.11 %","701.00"
"GILB","2023-04-26","801","801","780","790","-1.13 %","1,184.00"
"GILB","2023-04-25","800","800","791.7","799","-1.09 %","646.00"
"GILB","2023-04-24","814","815","782","807.8","-0.85 %","922.00"
"GILB","2023-04-23","790.1","818.9","773.4","814.7","1.37 %","3,071.00"
"GILB","2023-04-20","840","840","792.5","803.7","-2.57 %","4,498.00"
"GILB","2023-04-19","788.9","838","780","824.9","2.47 %","3,566.00"
"GILB","2023-04-18","784","815","784","805","0.63 %","816.00"
"GILB","2023-04-17","813.1","840","784","800","-3.49 %","3,157.00"
"GILB","2023-04-16","810","834.7","805","828.9","2.33 %","1,208.00"
"GILB","2023-04-13","861.9","863.5","810","810","-4.14 %","6,761.00"
"GILB","2023-04-12","800.7","861","790.1","845","7.64 %","4,772.00"
"GILB","2023-04-11","808.9","808.9","768","785","-1.88 %","895.00"
"GILB","2023-04-10","839","839","792.9","800","-6.54 %","3,110.00"
"GILB","2023-04-09","840","856","768.4","856","2.15 %","6,065.00"
"GILB","2023-04-06","810","839","761","838","5.42 %","5,891.00"
"GILB","2023-04-05","769","815","734.8","794.9","3.92 %","4,739.00"
"GILB","2023-04-04","724","764.9","691","764.9","7.73 %","5,792.00"
"GILB","2023-04-03","696","719","687","710","0.00 %","4,185.00"
"GILB","2023-04-02","720","727.2","708","710","-1.39 %","9,886.00"
"GILB","2023-03-30","737","737","713","720","-0.55 %","2,473.00"
"GILB","2023-03-29","691","727.1","689.9","724","2.86 %","3,108.00"
"GILB","2023-03-28","698.5","709","676","703.9","2.77 %","5,859.00"
"GILB","2023-03-27","696","696","665.1","684.9","-1.45 %","4,855.00"
"GILB","2023-03-26","698.1","712","691","695","-2.39 %","3,753.00"
"GILB","2023-03-23","717.1","725","712","712","-2.20 %","2,796.00"
"GILB","2023-03-22","740","753.8","728","728","-1.63 %","3,238.00"
"GILB","2023-03-20","754","754","727.1","740.1","-0.12 %","1,371.00"
"GILB","2023-03-19","749","760","733.1","741","-1.07 %","1,118.00"
"GILB","2023-03-16","747","749.9","735","749","0.27 %","947.00"
"GILB","2023-03-15","760","765","747","747","-3.49 %","1,566.00"
"GILB","2023-03-14","760","775.2","748","774","3.06 %","3,139.00"
"GILB","2023-03-13","760","761.5","748.5","751","-0.92 %","1,583.00"
"GILB","2023-03-12","775","790.7","750","758","-0.26 %","5,738.00"
"GILB","2023-03-09","741","781","741","760","1.05 %","5,718.00"
"GILB","2023-03-07","750","793.9","750","752.1","-1.04 %","6,061.00"
"GILB","2023-03-05","796","811.9","760","760","-6.17 %","6,277.00"
"GILB","2023-03-02","854","854","810","810","-7.00 %","7,983.00"
"GILB","2023-03-01","887","899","871","871","-3.76 %","1,773.00"
"GILB","2023-02-28","913.8","926","891.8","905","1.01 %","2,657.00"
"GILB","2023-02-27","1000","1041.4","1000","1003.5","0.35 %","12,735.00"
"GILB","2023-02-26","968.5","1000.6","900","1000","1.19 %","4,462.00"
"GILB","2023-02-23","1076.1","1076.1","988.2","988.2","-10.00 %","9,097.00"
"GILB","2023-02-22","1111.1","1125","1097","1098","-1.81 %","3,344.00"
"GILB","2023-02-20","1110","1129.9","1110","1118.2","-0.52 %","1,391.00"
"GILB","2023-02-16","1130","1151.9","1124","1124","-0.52 %","1,763.00"
"GILB","2023-02-15","1148.6","1150","1111","1129.9","0.31 %","1,992.00"
"GILB","2023-02-14","1158","1158","1124","1126.4","-1.80 %","1,791.00"
"GILB","2023-02-12","1150","1164","1139","1147","-1.14 %","1,255.00"
"GILB","2023-02-09","1160","1169","1150.1","1160.2","0.89 %","939.00"
"GILB","2023-02-08","1180","1195","1150","1150","-1.93 %","2,298.00"
"GILB","2023-02-07","1143","1172.6","1143","1172.6","2.55 %","2,788.00"
"GILB","2023-02-06","1132.5","1154.1","1132.1","1143.4","-0.31 %","1,029.00"
"GILB","2023-02-05","1125.1","1159.9","1125","1147","0.61 %","923.00"
"GILB","2023-02-02","1140","1147","1140","1140","-1.30 %","1,379.00"
"GILB","2023-02-01","1149","1158","1138","1155","1.32 %","1,572.00"
"GILB","2023-01-31","1136","1172","1136","1140","-0.87 %","2,558.00"
"GILB","2023-01-30","1170","1188","1146.6","1150","-2.79 %","2,341.00"
"GILB","2023-01-29","1166","1198","1160","1183","0.17 %","520.00"
"GILB","2023-01-26","1180.1","1199","1180","1181","-0.76 %","803.00"
"GILB","2023-01-25","1177","1212","1170","1190","3.12 %","3,876.00"
"GILB","2023-01-24","1164","1180","1150.1","1154","-0.95 %","3,474.00"
"GILB","2023-01-23","1186","1205","1164.6","1165.1","-2.91 %","4,838.00"
"GILB","2023-01-19","1222.1","1222.1","1175","1200","-3.77 %","8,571.00"
"GILB","2023-01-18","1285.2","1359","1241","1247","-1.03 %","3,638.00"
"GILB","2023-01-17","1232","1275","1231","1260","2.44 %","1,880.00"
"GILB","2023-01-12","1270","1326","1230","1230","-3.16 %","6,117.00"
"GILB","2023-01-10","1315","1339.9","1270.2","1270.2","-3.26 %","5,030.00"
"GILB","2023-01-09","1333","1333","1305","1313","-1.13 %","3,478.00"
"GILB","2023-01-08","1320","1364","1290","1328","-0.90 %","4,753.00"
"GILB","2023-01-05","1375","1392","1311","1340","-0.74 %","6,246.00"
"GILB","2023-01-04","1285","1350","1246.1","1350","5.55 %","9,228.00"
"GILB","2023-01-03","1260","1284.9","1247","1279","1.51 %","3,781.00"
"GILB","2023-01-02","1200","1272","1185","1260","5.88 %","3,543.00"
"GILB","2023-01-01","1165","1190","1160","1190","3.03 %","6,183.00"
"GILB","2022-12-29","1140","1160.9","1140","1155","1.32 %","2,351.00"
"GILB","2022-12-28","1160","1160","1136.8","1140","-0.96 %","1,939.00"
"GILB","2022-12-27","1158","1170","1137","1151","1.19 %","2,580.00"
"GILB","2022-12-26","1141","1155","1105","1137.5","1.65 %","3,510.00"
"GILB","2022-12-22","1115","1120","1108.4","1119","0.14 %","1,956.00"
"GILB","2022-12-21","1130","1130","1117.1","1117.4","-0.85 %","518.00"
"GILB","2022-12-20","1118","1140.4","1118","1127","-1.14 %","610.00"
"GILB","2022-12-19","1112","1140","1112","1140","1.97 %","1,062.00"
"GILB","2022-12-18","1121.1","1130","1118","1118","-1.93 %","1,004.00"
"GILB","2022-12-15","1125","1160","1125","1140","0.00 %","463.00"
"GILB","2022-12-14","1126.1","1140","1126","1140","0.44 %","863.00"
"GILB","2022-12-13","1150","1150","1127","1135","0.53 %","557.00"
"GILB","2022-12-12","1140","1140","1128","1129","-0.96 %","1,238.00"
"GILB","2022-12-11","1130","1140","1118","1140","-0.87 %","651.00"
"GILB","2022-12-07","1137","1150","1137","1150","0.88 %","190.00"
"GILB","2022-12-06","1140.6","1155","1140","1140","-1.05 %","1,714.00"
"GILB","2022-12-05","1151.6","1175","1151.6","1152.1","0.01 %","875.00"
"GILB","2022-12-04","1158","1178","1150","1152","-0.38 %","602.00"
"GILB","2022-12-01","1195","1198","1156.4","1156.4","-2.00 %","1,602.00"
"GILB","2022-11-30","1170","1180","1155.1","1180","0.85 %","733.00"
"GILB","2022-11-29","1145","1173","1145","1170","1.74 %","744.00"
"GILB","2022-11-28","1160","1175","1150","1150","-1.10 %","977.00"
"GILB","2022-11-27","1160","1162.8","1140","1162.8","2.00 %","2,294.00"
"GILB","2022-11-24","1121","1143","1121","1140","0.00 %","647.00"
"GILB","2022-11-23","1127","1140","1127","1140","0.35 %","611.00"
"GILB","2022-11-22","1130.4","1145","1130.3","1136","-0.35 %","766.00"
"GILB","2022-11-17","1150","1164.9","1134.5","1140","0.00 %","1,601.00"
"GILB","2022-11-16","1150","1151.5","1131","1140","-0.35 %","830.00"
"GILB","2022-11-15","1165","1167","1144","1144","-0.17 %","765.00"
"GILB","2022-11-14","1150","1150","1140","1146","0.43 %","570.00"
"GILB","2022-11-13","1152.1","1168","1141.1","1141.1","-0.95 %","480.00"
"GILB","2022-11-10","1165.1","1193","1152.1","1152.1","-2.78 %","1,713.00"
"GILB","2022-11-09","1200","1200","1181","1185","-1.17 %","1,551.00"
"GILB","2022-11-08","1220","1220","1198","1199","-0.66 %","959.00"
"GILB","2022-11-07","1254.4","1254.4","1181","1207","-5.70 %","11,612.00"
"GILB","2022-11-06","1239","1280","1220","1280","3.98 %","3,982.00"
"GILB","2022-11-03","1214.4","1240","1214.4","1231","-0.65 %","1,508.00"
"GILB","2022-11-02","1190","1240","1182","1239","2.82 %","1,280.00"
"GILB","2022-11-01","1167","1208.7","1167","1205","3.26 %","2,551.00"
"GILB","2022-10-31","1167","1180","1165","1167","0.17 %","706.00"
"GILB","2022-10-23","1145","1180","1145","1165","2.10 %","317.00"
"GILB","2022-10-20","1127.1","1160","1115","1141","-0.78 %","925.00"
"GILB","2022-10-19","1160","1167","1145","1150","-1.29 %","999.00"
"GILB","2022-10-17","1170","1189.8","1162","1165","-0.43 %","1,081.00"
"GILB","2022-10-16","1186","1200","1170","1170","-1.68 %","1,052.00"
"GILB","2022-10-13","1170.1","1210","1170","1190","0.38 %","508.00"
"GILB","2022-10-12","1200","1200","1185","1190","-0.67 %","1,685.00"
"GILB","2022-10-11","1194","1218","1190","1198","0.34 %","1,803.00"
"GILB","2022-10-10","1237.2","1237.2","1190","1194","-1.57 %","983.00"
"GILB","2022-10-09","1196","1214","1171.1","1213","2.80 %","975.00"
"GILB","2022-09-29","1178.1","1199","1170","1180","2.16 %","783.00"
"GILB","2022-09-28","1167.9","1167.9","1151","1155","0.87 %","341.00"
"GILB","2022-09-27","1162","1185.2","1118.2","1145","0.44 %","802.00"
"GILB","2022-09-25","1152","1175","1132","1140","-1.43 %","2,571.00"
"GILB","2022-09-22","1178","1180","1156.4","1156.5","-1.14 %","1,067.00"
"GILB","2022-09-21","1181.1","1204.7","1164","1169.8","1.02 %","681.00"
"GILB","2022-09-20","1175","1200","1158","1158","-1.86 %","1,397.00"
"GILB","2022-09-18","1193","1196","1180","1180","-1.67 %","1,424.00"
"GILB","2022-09-16","1203","1218.9","1195","1200","-2.20 %","1,504.00"
"GILB","2022-09-15","1251.1","1270","1227","1227","-3.76 %","1,011.00"
"GILB","2022-09-14","1264","1280","1251","1275","1.59 %","1,268.00"
"GILB","2022-09-13","1213","1265","1212","1255","1.54 %","1,030.00"
"GILB","2022-09-12","1250","1271","1236","1236","-2.68 %","736.00"
"GILB","2022-09-11","1305.6","1309","1265","1270.1","-0.77 %","235.00"
"GILB","2022-09-08","1205","1347.5","1202","1280","4.49 %","801.00"
"GILB","2022-09-07","1234.9","1234.9","1210","1225","-0.80 %","1,071.00"
"GILB","2022-09-06","1235","1240","1210.6","1234.9","0.40 %","1,189.00"
"GILB","2022-09-05","1253","1254","1230","1230","-0.81 %","1,353.00"
"GILB","2022-09-04","1255.7","1256","1225","1240","0.72 %","795.00"
"GILB","2022-09-02","1244","1244","1230","1231.1","-1.04 %","323.00"
"GILB","2022-09-01","1250","1250","1225","1244","-0.08 %","828.00"
"GILB","2022-08-31","1251","1269","1235","1245","-1.89 %","2,004.00"
"GILB","2022-08-30","1290","1290","1269","1269","0.32 %","691.00"
"GILB","2022-08-29","1255","1290","1255","1265","-1.17 %","995.00"
"GILB","2022-08-28","1295","1295","1270","1280","-1.92 %","948.00"
"GILB","2022-08-26","1288.2","1305","1288.2","1305","-0.68 %","695.00"
"GILB","2022-08-25","1322","1325","1306","1314","-0.45 %","786.00"
"GILB","2022-08-24","1345","1345","1315","1320","0.00 %","337.00"
"GILB","2022-08-23","1311","1320","1300","1320","-0.15 %","698.00"
"GILB","2022-08-22","1321","1322.3","1296","1322","0.08 %","2,975.00"
"GILB","2022-08-21","1350","1350","1313","1321","-0.68 %","2,418.00"
"GILB","2022-08-18","1330","1340","1310","1330","1.90 %","1,410.00"
"GILB","2022-08-17","1280","1329.4","1280","1305.2","0.14 %","1,184.00"
"GILB","2022-08-16","1318","1335","1303.4","1303.4","-1.11 %","2,332.00"
"GILB","2022-08-15","1315","1335","1300","1318","2.16 %","1,944.00"
"GILB","2022-08-14","1320","1330","1290","1290.1","-1.14 %","2,028.00"
"GILB","2022-08-11","1336","1336","1288.7","1305","-0.39 %","2,604.00"
"GILB","2022-08-10","1327","1327","1300.5","1310.1","-1.27 %","2,097.00"
"GILB","2022-08-09","1340","1348","1325","1327","-1.34 %","1,683.00"
"GILB","2022-08-08","1387","1387","1345","1345","-1.10 %","1,549.00"
"GILB","2022-08-07","1360","1414.7","1335","1360","0.97 %","2,072.00"
"GILB","2022-08-05","1365","1365","1335","1347","-1.32 %","1,090.00"
"GILB","2022-08-04","1380","1389","1361","1365","-0.36 %","2,228.00"
"GILB","2022-08-03","1420","1420","1368","1370","-1.79 %","2,852.00"
"GILB","2022-08-02","1370","1409","1368","1395","0.00 %","1,761.00"
"GILB","2022-08-01","1445","1445","1393","1395","-1.76 %","2,798.00"
"GILB","2022-07-31","1372","1449.9","1372","1420","1.43 %","1,901.00"
"GILB","2022-07-29","1390","1410","1390","1400","-0.57 %","912.00"
"GILB","2022-07-28","1421","1440","1385.8","1408","-0.42 %","4,810.00"
"GILB","2022-07-27","1408","1422","1379.9","1414","0.43 %","1,936.00"
"GILB","2022-07-26","1475","1475","1408","1408","-2.96 %","5,590.00"
"GILB","2022-07-25","1430","1456","1410","1451","3.27 %","5,031.00"
"GILB","2022-07-24","1375","1451","1361","1405","3.77 %","2,025.00"
"GILB","2022-07-22","1380","1380","1354","1354","-1.88 %","1,866.00"
"GILB","2022-07-21","1370.1","1398","1369","1380","-1.08 %","1,223.00"
"GILB","2022-07-20","1419","1443","1390","1395","0.14 %","1,502.00"
"GILB","2022-07-19","1404.5","1409","1372","1393","1.16 %","3,856.00"
"GILB","2022-07-18","1359","1377","1315.2","1377","3.15 %","2,376.00"
"GILB","2022-07-17","1324","1342","1300","1335","2.77 %","2,008.00"
"GILB","2022-07-15","1261","1300","1261","1299","1.09 %","697.00"
"GILB","2022-07-14","1290","1309","1260","1285","1.58 %","1,696.00"
"GILB","2022-07-13","1201.5","1269","1200","1265","5.42 %","1,481.00"
"GILB","2022-07-12","1233","1247","1195","1200","-0.74 %","2,541.00"
"GILB","2022-07-11","1255","1260","1205","1209","-5.55 %","2,659.00"
"GILB","2022-07-08","1323","1323","1274","1280","-3.25 %","1,009.00"
"GILB","2022-07-07","1343","1368","1293.2","1323","0.46 %","983.00"
"GILB","2022-07-06","1291.7","1317","1268","1317","-0.08 %","1,833.00"
"GILB","2022-07-05","1333","1374","1318","1318","-3.09 %","2,400.00"
"GILB","2022-07-04","1448","1449","1355","1360","-4.23 %","5,111.00"
"GILB","2022-07-03","1332","1420","1332","1420","5.65 %","2,116.00"
"GILB","2022-07-01","1370","1399","1330","1344","-0.07 %","3,015.00"
"GILB","2022-06-30","1260","1360","1250","1345","7.47 %","4,353.00"
"GILB","2022-06-29","1200","1251.5","1200","1251.5","4.03 %","1,058.00"
"GILB","2022-06-28","1246","1246","1197.6","1203","-1.55 %","528.00"
"GILB","2022-06-27","1275","1275","1222","1222","-2.24 %","2,418.00"
"GILB","2022-06-26","1183","1269","1175","1250","7.76 %","2,776.00"
"GILB","2022-06-24","1140","1175.6","1130","1160","0.00 %","2,205.00"
"GILB","2022-06-23","1166.2","1188.9","1135","1160","-2.52 %","1,876.00"
"GILB","2022-06-22","1159","1204.8","1159","1190","0.85 %","2,286.00"
"GILB","2022-06-21","1152.1","1203.6","1152.1","1180","2.42 %","5,753.00"
"GILB","2022-06-20","1195","1195","1152.1","1152.1","-2.94 %","3,401.00"
"GILB","2022-06-19","1190","1200","1186.1","1187","-1.08 %","1,418.00"
"GILB","2022-06-17","1200","1200.1","1196","1200","0.84 %","259.00"
"GILB","2022-06-16","1195","1198","1190","1190","-0.18 %","1,746.00"
"GILB","2022-06-15","1215.5","1216","1190","1192.1","-1.93 %","1,773.00"
"GILB","2022-06-14","1223","1235","1215.5","1215.5","-1.98 %","1,192.00"
"GILB","2022-06-13","1230","1249.9","1225","1240","-0.80 %","711.00"
"GILB","2022-06-10","1250","1275","1250","1250","0.00 %","969.00"
"GILB","2022-06-09","1285","1301","1250","1250","-2.72 %","1,883.00"
"GILB","2022-06-08","1245.5","1285","1211","1285","5.23 %","989.00"
"GILB","2022-06-07","1219","1240","1216","1221.1","-1.37 %","1,662.00"
"GILB","2022-06-06","1205","1242.9","1205","1238","0.81 %","1,317.00"
"GILB","2022-06-03","1231","1231","1210","1228","-0.24 %","1,399.00"
"GILB","2022-06-02","1265","1280","1220.1","1231","-2.69 %","2,540.00"
"GILB","2022-06-01","1265.1","1280","1251.2","1265","-0.39 %","897.00"
"GILB","2022-05-31","1258.1","1299","1249","1270","-0.86 %","1,152.00"
"GILB","2022-05-30","1280","1297","1274","1281","-1.46 %","386.00"
"GILB","2022-05-27","1305","1315","1273.5","1300","0.00 %","2,238.00"
"GILB","2022-05-26","1309","1315","1295","1300","0.78 %","1,047.00"
"GILB","2022-05-25","1269.9","1290","1250","1290","1.88 %","621.00"
"GILB","2022-05-24","1245","1269","1245","1266.2","1.70 %","940.00"
"GILB","2022-05-23","1270","1274.1","1245","1245","-2.73 %","1,345.00"
"GILB","2022-05-20","1290","1300","1270","1280","0.16 %","1,766.00"
"GILB","2022-05-19","1299","1305","1275","1278","-1.62 %","900.00"
"GILB","2022-05-18","1275","1310","1274","1299","0.00 %","2,038.00"
"GILB","2022-05-17","1340","1340","1274.1","1299","-3.71 %","912.00"
"GILB","2022-05-12","1335","1370","1335","1349","-0.07 %","2,402.00"
"GILB","2022-05-11","1325","1352","1300","1350","2.35 %","3,976.00"
"GILB","2022-05-10","1330","1330","1300","1319","0.69 %","3,518.00"
"GILB","2022-05-09","1331.1","1331.1","1295","1310","0.38 %","1,792.00"
"GILB","2022-05-08","1356","1356","1285","1305","-1.88 %","1,839.00"
"GILB","2022-05-05","1365","1383","1315","1330","-3.90 %","3,845.00"
"GILB","2022-05-04","1365.1","1389","1365.1","1384","-0.43 %","408.00"
"GILB","2022-05-02","1390","1400","1388","1390","-1.70 %","1,209.00"
"GILB","2022-04-28","1410","1425","1404","1414","0.78 %","670.00"
"GILB","2022-04-27","1404","1420","1393","1403.1","-1.26 %","737.00"
"GILB","2022-04-26","1453.5","1482.5","1421","1421","-0.28 %","1,298.00"
"GILB","2022-04-25","1455","1470","1425","1425","-3.72 %","1,310.00"
"GILB","2022-04-24","1400","1505.4","1372","1480","5.71 %","3,383.00"
"GILB","2022-04-21","1425","1425","1380","1400","-1.41 %","1,494.00"
"GILB","2022-04-20","1444","1444","1420","1420","-1.25 %","988.00"
"GILB","2022-04-19","1450.4","1451","1422","1438","0.28 %","830.00"
"GILB","2022-04-18","1430","1445","1426","1434","-1.44 %","990.00"
"GILB","2022-04-17","1475","1475","1445.5","1455","-0.95 %","749.00"
"GILB","2022-04-13","1440","1470","1430","1469","1.17 %","836.00"
"GILB","2022-04-12","1451.5","1480","1441","1452","-1.22 %","1,716.00"
"GILB","2022-04-11","1500","1500","1451","1470","-2.00 %","2,730.00"
"GILB","2022-04-07","1540","1540","1495.4","1500","-0.66 %","1,438.00"
"GILB","2022-04-06","1525","1525","1504.5","1510","-0.98 %","690.00"
"GILB","2022-04-05","1540","1540","1514","1525","-1.17 %","1,063.00"
"GILB","2022-04-04","1558.2","1585","1530","1543","-2.96 %","2,669.00"
"GILB","2022-04-03","1605","1609","1570","1590","-0.87 %","666.00"
"GILB","2022-03-31","1586","1604","1586","1604","1.13 %","647.00"
"GILB","2022-03-30","1541","1590","1541","1586","1.67 %","226.00"
"GILB","2022-03-29","1556","1580.9","1556","1560","-1.58 %","175.00"
"GILB","2022-03-28","1561","1590","1561","1585","-0.38 %","1,067.00"
"GILB","2022-03-27","1600","1601","1591.1","1591.1","-1.48 %","907.00"
"GILB","2022-03-24","1628","1630","1610","1615","-0.80 %","629.00"
"GILB","2022-03-23","1634","1634","1601.4","1628","1.62 %","1,131.00"
"GILB","2022-03-22","1597","1620","1595","1602","-0.50 %","919.00"
"GILB","2022-03-21","1630","1652.4","1590","1610","-0.62 %","267.00"
"GILB","2022-03-20","1588","1625","1581","1620","0.56 %","1,352.00"
"GILB","2022-03-16","1606","1631.5","1606","1611","0.69 %","1,116.00"
"GILB","2022-03-15","1685","1689.8","1586.7","1600","-3.15 %","3,624.00"
"GILB","2022-03-14","1620","1652","1572","1652","1.98 %","2,367.00"
"GILB","2022-03-13","1570.5","1629","1570.5","1620","3.42 %","533.00"
"GILB","2022-03-10","1560","1575","1556","1566.5","0.67 %","413.00"
"GILB","2022-03-09","1586","1586","1550","1556","0.06 %","1,779.00"
"GILB","2022-03-07","1550","1580","1540","1555","0.32 %","616.00"
"GILB","2022-03-06","1581","1600","1540","1550","0.00 %","1,402.00"
"GILB","2022-03-02","1556.1","1560","1530","1550","-2.21 %","1,431.00"
"GILB","2022-02-28","1560","1602","1560","1585","-0.25 %","1,415.00"
"GILB","2022-02-27","1585","1594","1565","1589","0.25 %","791.00"
"GILB","2022-02-24","1600.2","1605","1580","1585","-2.52 %","3,007.00"
"GILB","2022-02-23","1679","1679","1617.2","1626","-1.45 %","2,494.00"
"GILB","2022-02-22","1623","1704","1623","1650","0.61 %","1,126.00"
"GILB","2022-02-21","1585.1","1672","1585.1","1640","1.86 %","1,426.00"
"GILB","2022-02-20","1605.1","1631","1573","1610","-1.65 %","2,563.00"
"GILB","2022-02-17","1668","1668","1634","1637","-0.12 %","548.00"
"GILB","2022-02-16","1654","1654","1632","1639","-0.97 %","818.00"
"GILB","2022-02-15","1650","1685","1612.6","1655","2.16 %","1,113.00"
"GILB","2022-02-14","1610","1635","1600","1620","0.31 %","2,532.00"
"GILB","2022-02-13","1686","1686","1600","1615","-5.28 %","4,570.00"
"GILB","2022-02-10","1714.5","1714.5","1672.1","1705","0.29 %","759.00"
"GILB","2022-02-09","1730","1751","1648.4","1700","-1.28 %","3,465.00"
"GILB","2022-02-08","1760.4","1774","1722","1722","0.00 %","2,424.00"
"GILB","2022-02-07","1737","1769","1735","1743","0.35 %","1,036.00"
"GILB","2022-02-06","1730","1779","1710","1737","-1.59 %","988.00"
"GILB","2022-02-03","1776","1776","1740.5","1765","1.35 %","4,184.00"
"GILB","2022-02-01","1776","1823","1741.5","1741.5","-2.00 %","4,738.00"
"GILB","2022-01-31","1784","1785","1750","1777","-0.39 %","1,336.00"
"GILB","2022-01-30","1774","1799.9","1760.1","1784","2.53 %","1,541.00"
"GILB","2022-01-27","1730","1797","1677","1740","0.69 %","2,329.00"
"GILB","2022-01-26","1726","1745.5","1690","1728","-1.82 %","3,853.00"
"GILB","2022-01-25","1774.8","1810","1711","1760","1.15 %","2,532.00"
"GILB","2022-01-24","1785","1790","1740","1740","-3.76 %","2,850.00"
"GILB","2022-01-23","1877","1877","1775","1808","-2.27 %","3,867.00"
"GILB","2022-01-20","1834","1850","1766.1","1850","2.78 %","4,068.00"
"GILB","2022-01-19","1850","1866","1790","1800","-1.75 %","2,566.00"
"GILB","2022-01-18","1856","1893","1831","1832","-2.97 %","2,923.00"
"GILB","2022-01-17","1838","1894","1838","1888","0.69 %","3,941.00"
"GILB","2022-01-16","1845","1890","1845","1875","1.63 %","5,978.00"
"GILB","2022-01-13","1785","1850","1760","1845","5.43 %","3,402.00"
"GILB","2022-01-12","1856","1856","1750","1750","-3.85 %","2,482.00"
"GILB","2022-01-11","1740","1840","1722","1820","6.00 %","5,888.00"
"GILB","2022-01-10","1750","1750","1708","1717","-0.46 %","2,006.00"
"GILB","2022-01-09","1705","1746","1695","1725","2.80 %","3,315.00"
"GILB","2022-01-06","1617","1680","1610","1678","1.76 %","1,090.00"
"GILB","2022-01-05","1715","1715","1648","1649","-2.14 %","2,237.00"
"GILB","2022-01-04","1618","1690","1618","1685","2.06 %","9,008.00"
"GILB","2022-01-03","1633","1665","1627","1651","3.12 %","3,562.00"
"GILB","2022-01-02","1570","1621","1570","1601","2.23 %","2,261.00"
"GILB","2021-12-29","1585","1588","1562.1","1566","-1.45 %","966.00"
"GILB","2021-12-28","1595","1615","1534","1589","-0.38 %","1,037.00"
"GILB","2021-12-27","1660","1660","1569.1","1595","-2.45 %","1,937.00"
"GILB","2021-12-26","1600","1657","1600","1635","4.07 %","3,914.00"
"GILB","2021-12-23","1585","1601","1568","1571","0.71 %","3,609.00"
"GILB","2021-12-22","1494","1569","1494","1560","4.42 %","2,338.00"
"GILB","2021-12-21","1495","1499","1470","1494","1.63 %","2,449.00"
"GILB","2021-12-20","1461","1520","1461","1470","0.62 %","5,482.00"
"GILB","2021-12-16","1500","1519","1461","1461","-0.68 %","1,039.00"
"GILB","2021-12-15","1514","1562","1460","1471","-0.94 %","2,121.00"
"GILB","2021-12-14","1430","1490","1415","1485","5.69 %","626.00"
"GILB","2021-12-13","1428.9","1450","1390","1405","-3.64 %","3,776.00"
"GILB","2021-12-12","1500","1500","1431","1458","-2.80 %","2,163.00"
"GILB","2021-12-09","1514.9","1514.9","1443","1500","0.87 %","3,311.00"
"GILB","2021-12-08","1549.9","1550","1485","1487","-4.06 %","2,172.00"
"GILB","2021-12-07","1598","1598","1550","1550","-1.15 %","3,335.00"
"GILB","2021-12-06","1495","1600","1451","1568","4.88 %","5,873.00"
"GILB","2021-12-05","1575","1575","1481","1495","-5.08 %","4,032.00"
"GILB","2021-12-02","1649","1649","1567","1575","-3.96 %","2,112.00"
"GILB","2021-12-01","1700","1700","1640","1640","-2.96 %","2,090.00"
"GILB","2021-11-30","1699","1799","1675","1690","-0.55 %","2,911.00"
"GILB","2021-11-29","2185","2228","2170","2175.1","-0.45 %","7,625.00"
"GILB","2021-11-28","2210","2245","2180.1","2185","-2.85 %","4,931.00"
"GILB","2021-11-25","2200","2249","2198.1","2249","0.99 %","1,825.00"
"GILB","2021-11-24","2249","2249","2220","2227","-0.58 %","737.00"
"GILB","2021-11-23","2250","2250","2225","2240","-1.28 %","2,917.00"
"GILB","2021-11-22","2270","2280","2250","2269","1.25 %","3,427.00"
"GILB","2021-11-21","2242.9","2299.9","2202","2241","1.91 %","3,549.00"
"GILB","2021-11-18","2263","2263","2186","2199","-1.39 %","1,917.00"
"GILB","2021-11-17","2255","2270","2230","2230","-0.22 %","2,203.00"
"GILB","2021-11-16","2220","2240","2191.1","2235","1.64 %","1,526.00"
"GILB","2021-11-15","2160","2200","2157","2199","1.95 %","1,425.00"
"GILB","2021-11-14","2200","2225","2147","2157","-1.15 %","845.00"
"GILB","2021-11-11","2225","2232","2181","2182","-3.02 %","2,533.00"
"GILB","2021-11-09","2308","2308","2240.1","2250","-2.51 %","2,731.00"
"GILB","2021-11-08","2315","2390","2290","2307.9","1.22 %","3,870.00"
"GILB","2021-11-03","2307","2307","2280","2280","-1.17 %","1,511.00"
"GILB","2021-11-02","2300","2307","2271.1","2307","0.39 %","1,638.00"
"GILB","2021-11-01","2400","2400","2298","2298","-3.45 %","4,573.00"
"GILB","2021-10-31","2340","2380","2275","2380","3.48 %","5,940.00"
"GILB","2021-10-28","2324.9","2330.1","2295","2300","-1.07 %","2,706.00"
"GILB","2021-10-27","2306","2351","2265","2324.9","0.86 %","5,483.00"
"GILB","2021-10-26","2255","2305","2230","2305","2.26 %","7,142.00"
"GILB","2021-10-25","2240","2265","2190","2254","2.45 %","4,190.00"
"GILB","2021-10-24","2149","2200","2149","2200","2.37 %","2,070.00"
"GILB","2021-10-21","2130","2170","2120","2149","0.00 %","2,766.00"
"GILB","2021-10-20","2121.6","2149","2100","2149","3.32 %","2,650.00"
"GILB","2021-10-19","2112","2141","2031","2080","-2.94 %","3,231.00"
"GILB","2021-10-18","2270","2270","2137","2143","-5.39 %","4,684.00"
"GILB","2021-10-17","2266","2299","2231","2265","-0.04 %","2,387.00"
"GILB","2021-10-11","2278.1","2290","2207","2266","-1.05 %","5,048.00"
"GILB","2021-10-10","2323.6","2487.9","2279","2290","0.52 %","11,388.00"
"GILB","2021-10-06","2112.4","2278.1","2112.4","2278.1","10.00 %","9,994.00"
"GILB","2021-10-05","2040","2120","2040","2071","3.55 %","4,404.00"
"GILB","2021-10-04","1920","2000","1903","2000","3.04 %","5,017.00"
"GILB","2021-10-03","1960","1998","1940","1941","-2.46 %","3,417.00"
"GILB","2021-09-30","2020","2041","1979","1990","-0.70 %","3,184.00"
"GILB","2021-09-29","1961.1","2038.8","1930","2004","2.19 %","3,097.00"
"GILB","2021-09-28","1960","2000","1950","1961","-0.96 %","3,153.00"
"GILB","2021-09-27","2035","2076.1","1965","1980","-3.27 %","3,603.00"
"GILB","2021-09-26","2175","2180","2047","2047","-5.89 %","3,570.00"
"GILB","2021-09-23","2157.1","2265","2126","2175","1.87 %","6,119.00"
"GILB","2021-09-22","2000.2","2157","2000","2135","8.87 %","5,382.00"
"GILB","2021-09-21","1953","2070","1925","1961","-1.16 %","6,877.00"
"GILB","2021-09-20","2150","2157","1960","1984","-7.07 %","10,505.00"
"GILB","2021-09-16","2210","2243","2130","2135","-4.26 %","8,883.00"
"GILB","2021-09-15","2270","2270","2215.1","2230","-2.11 %","5,596.00"
"GILB","2021-09-14","2285","2320","2255","2278","0.35 %","3,387.00"
"GILB","2021-09-13","2325","2371","2256","2270","-0.44 %","3,076.00"
"GILB","2021-09-12","2275","2295","2240","2280","1.11 %","5,229.00"
"GILB","2021-09-09","2314","2347","2255","2255","-0.66 %","3,147.00"
"GILB","2021-09-08","2280.6","2300","2254","2270","-2.45 %","4,601.00"
"GILB","2021-09-07","2360","2397","2313","2327","-2.88 %","4,077.00"
"GILB","2021-09-06","2330","2396","2290","2396","4.31 %","4,064.00"
"GILB","2021-09-05","2366.1","2366.1","2252","2297","-2.92 %","8,695.00"
"GILB","2021-09-02","2433","2433","2325.1","2366.1","-2.75 %","8,339.00"
"GILB","2021-09-01","2420","2465","2410","2433","0.37 %","5,263.00"
"GILB","2021-08-31","2499","2499","2401","2424","-3.00 %","5,697.00"
"GILB","2021-08-29","2525.1","2546","2450","2499","-1.83 %","5,485.00"
"GILB","2021-08-26","2530","2571","2515","2545.5","0.62 %","2,339.00"
"GILB","2021-08-25","2579.9","2579.9","2515","2529.9","-1.94 %","4,837.00"
"GILB","2021-08-24","2601","2620","2502","2580","-2.27 %","5,628.00"
"GILB","2021-08-19","2600","2757","2590","2640","0.99 %","11,316.00"
"GILB","2021-08-18","2605","2633","2580","2614","-1.13 %","7,485.00"
"GILB","2021-08-17","2672","2672","2640","2644","-1.56 %","5,007.00"
"GILB","2021-08-16","2685.2","2700","2670.2","2686","-0.33 %","5,411.00"
"GILB","2021-08-15","2679","2732","2646.1","2695","0.60 %","4,396.00"
"GILB","2021-08-12","2766.2","2766.2","2628","2679","-1.22 %","4,583.00"
"GILB","2021-08-11","2749.9","2749.9","2700","2712","0.03 %","2,483.00"
"GILB","2021-08-10","2665","2734","2661","2711.1","1.54 %","3,638.00"
"GILB","2021-08-09","2672","2710","2670","2670","-0.89 %","4,820.00"
"GILB","2021-08-08","2712","2798","2680","2694","-0.66 %","9,035.00"
"GILB","2021-08-05","2745","2750","2700","2712","-1.20 %","9,421.00"
"GILB","2021-08-04","2850","2850","2725","2745","-2.97 %","12,859.00"
"GILB","2021-08-03","2835.6","2850","2800","2828.9","1.76 %","9,068.00"
"GILB","2021-08-02","2809","2840","2754","2780","-3.01 %","25,339.00"
"GILB","2021-08-01","2880","2885","2841","2866.2","0.89 %","3,056.00"
"GILB","2021-07-29","2850","2884","2825","2841","-0.53 %","3,388.00"
"GILB","2021-07-28","2851","2890","2851","2856","-0.70 %","3,306.00"
"GILB","2021-07-27","2907","2907","2792","2876","-3.03 %","15,446.00"
"GILB","2021-07-26","2999","3005","2945","2966","0.58 %","5,691.00"
"GILB","2021-07-25","2880","2963.1","2880","2949","2.22 %","8,375.00"
"GILB","2021-07-22","2950","2950","2881","2885","-0.52 %","4,315.00"
"GILB","2021-07-20","2866.1","2900","2865.1","2900","0.17 %","3,544.00"
"GILB","2021-07-19","2936","3050","2882","2895","0.56 %","8,881.00"
"GILB","2021-07-18","2840","2890","2830","2879","2.27 %","4,415.00"
"GILB","2021-07-15","2810","2823","2785","2815","0.54 %","6,944.00"
"GILB","2021-07-14","2780","2840","2780","2800","0.07 %","2,507.00"
"GILB","2021-07-13","2784","2820","2767","2798","0.50 %","2,043.00"
"GILB","2021-07-12","2885","2885","2780","2784","-1.66 %","9,113.00"
"GILB","2021-07-11","2780","2900","2780","2831","2.76 %","8,729.00"
"GILB","2021-07-08","2700","2770","2700","2755","1.25 %","3,432.00"
"GILB","2021-07-07","2701","2740","2701","2721","0.55 %","4,015.00"
"GILB","2021-07-06","2682","2715","2675","2706","1.35 %","6,272.00"
"GILB","2021-07-05","2651","2699","2650","2670","-0.48 %","7,830.00"
"GILB","2021-07-04","2675","2700","2675","2683","0.30 %","2,293.00"
"GILB","2021-07-01","2824","2824","2660","2675","-0.56 %","7,494.00"
"GILB","2021-06-30","2735","2735","2681","2690","-2.00 %","7,394.00"
"GILB","2021-06-29","2773","2820","2735","2745","0.92 %","9,887.00"
"GILB","2021-06-28","2670","2739","2670","2720","1.99 %","6,937.00"
"GILB","2021-06-27","2665","2718","2631","2667","-0.11 %","6,358.00"
"GILB","2021-06-24","2710","2710","2670","2670","-1.48 %","4,505.00"
"GILB","2021-06-23","2795","2795","2700","2710","-2.73 %","6,941.00"
"GILB","2021-06-22","2750","2795","2681","2786","3.19 %","7,981.00"
"GILB","2021-06-21","2710","2770","2691","2700","-1.42 %","11,802.00"
"GILB","2021-06-20","2775","2840","2702","2739","-2.18 %","13,299.00"
"GILB","2021-06-17","2900","2900","2800","2800","-1.75 %","10,295.00"
"GILB","2021-06-16","2669","3000","2669","2850","1.46 %","15,519.00"
"GILB","2021-06-15","2840","2840","2796","2809","-1.09 %","14,035.00"
"GILB","2021-06-14","2920","2920","2800","2840","-2.74 %","16,042.00"
"GILB","2021-06-13","3129","3191","2825","2920","-2.01 %","49,838.00"
"GILB","2021-06-10","2726","2998","2690","2980","9.32 %","40,200.00"
"GILB","2021-06-09","2755","2755","2711","2726","-0.01 %","11,116.00"
"GILB","2021-06-08","2793","2793","2700","2760","0.73 %","13,228.00"
"GILB","2021-06-07","2850","2850","2720","2740","-0.83 %","5,685.00"
"GILB","2021-06-06","2788","2828","2751","2763","-0.90 %","7,064.00"
"GILB","2021-06-03","2770","2816","2750","2788","1.20 %","8,351.00"
"GILB","2021-06-02","2735","2760","2710","2755","0.73 %","3,727.00"
"GILB","2021-06-01","2715","2754","2686","2735","1.30 %","12,744.00"
"GILB","2021-05-31","2760","2778","2697","2700","-1.46 %","10,371.00"
"GILB","2021-05-30","2750","2809","2712","2740","-0.15 %","17,883.00"
"GILB","2021-05-27","2700","2800","2646","2744","-2.21 %","18,734.00"
"GILB","2021-05-25","2812","2858","2800","2806","-0.21 %","4,124.00"
"GILB","2021-05-24","2973","2973","2807","2812","-0.71 %","5,348.00"
"GILB","2021-05-23","2789","2840","2780","2832","-0.46 %","11,375.00"
"GILB","2021-05-20","2870","2899","2833","2845","-1.39 %","6,795.00"
"GILB","2021-05-19","2899","2909","2845","2885","0.21 %","7,842.00"
"GILB","2021-05-18","2925","2925","2851","2879","-0.03 %","4,960.00"
"GILB","2021-05-17","2910","2925","2870","2880","-0.35 %","4,350.00"
"GILB","2021-05-16","2886","2927","2835","2890","2.12 %","8,535.00"
"GILB","2021-05-13","2800","2855","2793","2830","1.07 %","9,548.00"
"GILB","2021-05-12","2790","2840","2780","2800","-1.20 %","8,080.00"
"GILB","2021-05-11","2859","2899","2822","2834","0.85 %","7,877.00"
"GILB","2021-05-10","2730","2822","2730","2810","2.63 %","8,281.00"
"GILB","2021-05-09","2779","2798","2647","2738","0.11 %","10,832.00"
"GILB","2021-05-06","2780","2785","2730","2735","-2.29 %","14,756.00"
"GILB","2021-05-05","2860","2871","2790","2799","-2.13 %","14,683.00"
"GILB","2021-05-04","2820","2905","2766","2860","2.99 %","20,407.00"
"GILB","2021-05-03","2554","2856","2554","2777","3.31 %","23,526.00"
"GILB","2021-05-02","2639","2700","2593","2688","1.63 %","11,678.00"
"GILB","2021-04-29","2665","2665","2575","2645","0.19 %","15,936.00"
"GILB","2021-04-28","2680","2730","2544","2640","-0.38 %","19,339.00"
"GILB","2021-04-27","2400","2662","2400","2650","9.50 %","30,166.00"
"GILB","2021-04-26","2402","2504","2391","2420","1.21 %","40,049.00"
"GILB","2021-04-25","2510","2510","2318","2391","-4.89 %","20,908.00"
"GILB","2021-04-22","2460","2552","2450","2514","2.40 %","10,086.00"
"GILB","2021-04-21","2501","2545","2455","2455","-3.50 %","15,343.00"
"GILB","2021-04-20","2493","2560","2471","2544","2.05 %","10,625.00"
"GILB","2021-04-19","2585","2598","2490","2493","-1.66 %","10,414.00"
"GILB","2021-04-18","2502","2600","2490","2535","1.36 %","12,125.00"
"GILB","2021-04-15","1959.375","1992.96875","1922.65625","1953.90625","-0.28 %","9,537.00"
"GILB","2021-04-13","2640","2665","2508","2508","-4.27 %","12,953.00"
"GILB","2021-04-12","2500","2680","2426","2620","7.20 %","26,285.00"
"GILB","2021-04-08","2260","2450","2260","2444","9.60 %","20,147.00"
"GILB","2021-04-07","2201","2259","2183","2230","1.64 %","12,459.00"
"GILB","2021-04-06","2120","2195","2106","2194","2.14 %","7,802.00"
"GILB","2021-04-05","2145","2187","2115","2148","0.14 %","12,700.00"
"GILB","2021-04-04","2150","2185","2110","2145","0.23 %","6,602.00"
"GILB","2021-04-01","2150","2150","2120","2140","-0.47 %","7,265.00"
"GILB","2021-03-31","2180","2200","2140","2150","-0.88 %","12,005.00"
"GILB","2021-03-30","2100","2179","2100","2169","3.83 %","8,634.00"
"GILB","2021-03-29","2132","2132","2049","2089","1.06 %","5,390.00"
"GILB","2021-03-25","2123","2131","2061","2067","-1.10 %","7,205.00"
"GILB","2021-03-24","2081","2101","2045","2090","0.72 %","9,169.00"
"GILB","2021-03-23","2005","2090","2005","2075","1.47 %","8,879.00"
"GILB","2021-03-22","2060","2100","2022","2045","-2.62 %","9,850.00"
"GILB","2021-03-21","2068","2135","2000","2100","6.60 %","14,808.00"
"GILB","2021-03-18","1915","1975","1914","1970","1.91 %","4,154.00"
"GILB","2021-03-17","1989","1989","1870","1933","2.01 %","6,012.00"
"GILB","2021-03-16","1855","1922","1855","1895","2.21 %","6,250.00"
"GILB","2021-03-15","1839","1874","1826","1854","0.22 %","6,910.00"
"GILB","2021-03-14","1890","1890","1832","1850","-1.75 %","6,425.00"
"GILB","2021-03-10","1865","1905","1859","1883","-0.63 %","4,244.00"
"GILB","2021-03-09","1900","1927","1876","1895","-0.26 %","6,797.00"
"GILB","2021-03-08","1920","1963","1900","1900","-1.91 %","9,798.00"
"GILB","2021-03-04","1900","1980","1897","1937","2.60 %","9,484.00"
"GILB","2021-03-03","1898","1935","1885","1888","-2.43 %","6,944.00"
"GILB","2021-03-02","1980","1980","1912","1935","-0.82 %","4,972.00"
"GILB","2021-03-01","1882","1980","1880","1951","0.00 %","6,495.00"
"GILB","2021-02-28","1980","1980","1911","1918","-3.13 %","8,410.00"
"GILB","2021-02-25","1983","2000","1962","1980","0.00 %","2,823.00"
"GILB","2021-02-24","2040","2080","1936","2017","0.85 %","6,574.00"
"GILB","2021-02-23","1941","2000","1899","2000","1.01 %","8,701.00"
"GILB","2021-02-22","1965","2003","1942","1980","-1.00 %","6,026.00"
"GILB","2021-02-21","2030","2050","1979","2000","-0.01 %","2,695.00"
"GILB","2021-02-18","2010","2050","2000","2025","-0.01 %","7,361.00"
"GILB","2021-02-17","2071","2071","2025","2046","-0.03 %","4,992.00"
"GILB","2021-02-16","2150","2235","2032","2110","-0.01 %","9,341.00"
"GILB","2021-02-15","1981","2137","1981","2137","0.10 %","12,194.00"
"GILB","2021-02-14","1940","1943","1876","1943","0.00 %","10,179.00"
"GILB","2021-02-11","1966","1966","1920","1935","-0.03 %","10,611.00"
"GILB","2021-02-10","2039","2039","1921","1990","-0.01 %","10,348.00"
"GILB","2021-02-09","2100","2100","1941","1973","-0.05 %","8,993.00"
"GILB","2021-02-08","2159","2190","1970","2070","-0.02 %","13,542.00"
"GILB","2021-02-07","1962","2117","1962","2117","0.10 %","24,573.00"
"GILB","2021-02-04","1859","1930","1820","1925","0.03 %","21,778.00"
"GILB","2021-02-03","1978","1978","1820","1860","-0.01 %","19,684.00"
"GILB","2021-02-02","1900","1918","1817","1895","0.05 %","29,843.00"
"GILB","2021-02-01","1764","1810","1666","1810","0.05 %","8,821.00"
"GILB","2021-01-31","1750","1785","1710","1730","-0.04 %","9,486.00"
"GILB","2021-01-28","1700","1810","1700","1805","0.06 %","30,362.00"
"GILB","2021-01-27","1608","1715","1578","1710","0.04 %","10,364.00"
"GILB","2021-01-26","1620","1660","1610","1640","0.00 %","28,115.00"
"GILB","2021-01-25","1683","1690","1616","1640","-0.01 %","4,675.00"
"GILB","2021-01-24","1610","1669","1581","1650","0.04 %","9,344.00"
"GILB","2021-01-21","1560","1680","1535","1579","0.02 %","4,353.00"
"GILB","2021-01-20","1575","1575","1536","1545","-0.02 %","3,190.00"
"GILB","2021-01-19","1600","1600","1544","1570","0.00 %","5,577.00"
"GILB","2021-01-18","1545","1575","1545","1570","0.02 %","10,051.00"
"GILB","2021-01-17","1500","1539","1500","1539","0.03 %","4,422.00"
"GILB","2021-01-13","1442","1513","1430","1495","0.04 %","3,768.00"
"GILB","2021-01-12","1439","1439","1421","1439","0.02 %","1,867.00"
"GILB","2021-01-11","1441","1449","1413","1413","-0.01 %","2,209.00"
"GILB","2021-01-10","1399","1424","1399","1421","-0.00 %","3,026.00"
"GILB","2021-01-07","1370","1435","1370","1422","0.03 %","7,345.00"
"GILB","2021-01-06","1371","1400","1363","1384","0.02 %","4,273.00"
"GILB","2021-01-05","1355","1378","1352","1360","-0.01 %","1,839.00"
"GILB","2021-01-04","1400","1400","1360","1375","-0.02 %","3,003.00"
"GILB","2021-01-03","1397","1398","1371","1398","0.00 %","2,450.00"
"GILB","2020-12-31","1448","1460","1390","1397","-0.02 %","4,208.00"
"GILB","2020-12-30","1426","1454","1365","1420","0.04 %","3,945.00"
"GILB","2020-12-29","1700","1750","1700","1732","0.03 %","18,597.00"
"GILB","2020-12-28","1668","1695","1650","1680","0.01 %","5,891.00"
"GILB","2020-12-27","1712","1712","1651","1668","-0.01 %","8,391.00"
"GILB","2020-12-24","1680","1710","1679","1680","-0.02 %","6,841.00"
"GILB","2020-12-23","1755","1755","1695","1710","-0.02 %","5,621.00"
"GILB","2020-12-22","1773","1773","1720","1740","0.00 %","6,073.00"
"GILB","2020-12-21","1660","1773","1570","1740","0.04 %","19,688.00"
"GILB","2020-12-20","1745","1745","1678","1680","-0.04 %","16,050.00"
"GILB","2020-12-17","1780","1836","1711","1745","-0.03 %","17,951.00"
"GILB","2020-12-16","1800","1810","1770","1790","-0.00 %","34,761.00"
"GILB","2020-12-15","1710","1791","1710","1791","0.10 %","64,930.00"
"GILB","2020-12-14","1510","1629","1510","1629","0.10 %","1,897.00"
"GILB","2020-12-13","1470","1481","1446","1481","0.01 %","5,155.00"
"GILB","2020-12-10","1450","1476","1419","1467","0.00 %","3,183.00"
"GILB","2020-12-09","1437","1490","1420","1461","-0.00 %","4,960.00"
"GILB","2020-12-08","1543","1543","1461","1463","-0.03 %","4,344.00"
"GILB","2020-12-07","1400","1515","1372","1514","0.10 %","4,367.00"
"GILB","2020-12-06","1445","1472","1378","1378","-0.06 %","3,862.00"
"GILB","2020-12-03","1500","1525","1448","1472","-0.00 %","10,972.00"
"GILB","2020-12-02","1417","1499","1417","1475","0.06 %","7,893.00"
"GILB","2020-12-01","1370","1403","1370","1390","0.02 %","4,358.00"
"GILB","2020-11-30","1380","1400","1361","1361","-0.01 %","3,935.00"
"GILB","2020-11-29","1420","1420","1375","1375","-0.03 %","4,426.00"
"GILB","2020-11-26","1455","1455","1405","1420","-0.02 %","2,107.00"
"GILB","2020-11-25","1369","1477","1350","1460","0.09 %","8,375.00"
"GILB","2020-11-24","1307","1399","1307","1343","0.01 %","1,727.00"
"GILB","2020-11-23","1350","1350","1330","1331","-0.02 %","3,192.00"
"GILB","2020-11-22","1397","1397","1353","1360","-0.01 %","4,593.00"
"GILB","2020-11-19","1346","1400","1331","1370","0.00 %","2,590.00"
"GILB","2020-11-18","1385","1385","1370","1373","0.00 %","797.00"
"GILB","2020-11-12","1393","1393","1360","1389","- %","2,498.00"
"GILB","2020-11-11","1390","1390","1354","1377","-1.85 %","1,740.00"
"GILB","2020-11-10","1350","1417","1335","1403","3.85 %","2,837.00"
"GILB","2020-11-09","1330","1351","1326","1351","1.58 %","3,610.00"
"GILB","2020-11-08","1301","1334","1313","1330","0.23 %","5,379.00"
"GILB","2020-11-05","1302","1327","1295","1327","1.07 %","2,660.00"
"GILB","2020-11-04","1300","1313","1300","1313","0.23 %","1,347.00"
"GILB","2020-11-03","1234","1318","1234","1310","0.92 %","3,632.00"
"GILB","2020-11-02","1285","1345","1285","1298","1.41 %","2,209.00"
"GILB","2020-11-01","1265","1299","1262","1280","1.19 %","2,025.00"
"GILB","2020-10-29","1240","1275","1240","1265","1.20 %","3,457.00"
"GILB","2020-10-28","1248","1250","1245","1250","0.32 %","800.00"
"GILB","2020-10-21","1260","1260","1245","1246","-1.81 %","450.00"
"GILB","2020-10-20","1231","1269","1231","1269","1.52 %","447.00"
"GILB","2020-10-19","1245","1250","1231","1250","0.64 %","298.00"
"GILB","2020-10-18","1230","1249","1230","1242","-0.56 %","123.00"
"GILB","2020-10-15","1230","1249","1226","1249","0.89 %","1,042.00"
"GILB","2020-10-14","1232","1268","1232","1238","-1.35 %","2,916.00"
"GILB","2020-10-13","1248","1259","1235","1255","-0.79 %","1,338.00"
"GILB","2020-10-12","1265","1280","1238","1265","1.28 %","3,254.00"
"GILB","2020-10-11","1225","1373","1201","1249","-0.08 %","3,278.00"
"GILB","2020-10-08","1239","1250","1215","1250","-1.03 %","1,806.00"
"GILB","2020-10-07","1241","1275","1230","1263","1.04 %","7,284.00"
"GILB","2020-10-06","1210","1250","1210","1248","1.63 %","4,049.00"
"GILB","2020-10-05","1213","1230","1200","1228","-0.73 %","3,851.00"
"GILB","2020-10-04","1190","1237","1182","1237","3.95 %","1,417.00"
"GILB","2020-10-01","1187","1200","1182","1190","2.23 %","1,696.00"
"GILB","2020-09-30","1171","1194","1157","1164","-0.60 %","1,206.00"
"GILB","2020-09-29","1150","1173","1165","1171","0.09 %","1,620.00"
"GILB","2020-09-28","1181","1200","1170","1170","-1.76 %","3,341.00"
"GILB","2020-09-27","1190","1222","1190","1191","-0.33 %","2,141.00"
"GILB","2020-09-24","1215","1215","1195","1195","-0.42 %","2,256.00"
"GILB","2020-09-23","1200","1207","1187","1200","-0.74 %","1,254.00"
"GILB","2020-09-22","1200","1209","1195","1209","-0.17 %","1,228.00"
"GILB","2020-09-21","1225","1229","1210","1211","-0.90 %","1,580.00"
"GILB","2020-09-20","1206","1230","1215","1222","-0.65 %","1,694.00"
"GILB","2020-09-17","1217","1232","1215","1230","1.07 %","4,578.00"
"GILB","2020-09-16","1229","1229","1210","1217","-0.57 %","2,179.00"
"GILB","2020-09-15","1218","1235","1210","1224","-0.33 %","5,537.00"
"GILB","2020-09-14","1231","1239","1222","1228","-0.32 %","3,969.00"
"GILB","2020-09-13","1205","1240","1205","1232","0.98 %","5,423.00"
"GILB","2020-09-10","1220","1235","1206","1220","0.08 %","2,130.00"
"GILB","2020-09-09","1249","1249","1185","1219","2.44 %","3,913.00"
"GILB","2020-09-08","1170","1190","1165","1190","2.15 %","1,158.00"
"GILB","2020-09-07","1200","1200","1161","1165","-0.68 %","2,808.00"
"GILB","2020-09-06","1239","1239","1172","1173","-0.59 %","2,493.00"
"GILB","2020-09-03","1195","1205","1176","1180","-1.26 %","4,147.00"
"GILB","2020-09-02","1188","1205","1187","1195","1.10 %","3,919.00"
"GILB","2020-08-31","1182","1200","1181","1182","-0.59 %","5,461.00"
"GILB","2020-08-30","1202","1200","1187","1189","-1.08 %","361.00"
"GILB","2020-08-27","1235","1235","1200","1202","-2.67 %","5,011.00"
"GILB","2020-08-26","1229","1235","1212","1235","1.65 %","2,713.00"
"GILB","2020-08-25","1211","1238","1207","1215","-0.65 %","2,138.00"
"GILB","2020-08-24","1200","1224","1177","1223","1.92 %","4,008.00"
"GILB","2020-08-23","1174","1200","1142","1200","3.90 %","5,053.00"
"GILB","2020-08-20","1150","1165","1140","1155","0.52 %","2,373.00"
"GILB","2020-08-19","1153","1164","1130","1149","-2.30 %","3,543.00"
"GILB","2020-08-18","1235","1235","1176","1176","-0.08 %","3,674.00"
"GILB","2020-08-17","1157","1180","1154","1177","0.00 %","2,388.00"
"GILB","2020-08-16","1169","1189","1157","1177","-1.09 %","4,753.00"
"GILB","2020-08-13","1235","1240","1184","1190","-4.72 %","6,619.00"
"GILB","2020-08-12","1225","1265","1225","1249","1.30 %","1,626.00"
"GILB","2020-08-11","1240","1277","1221","1233","-2.14 %","1,144.00"
"GILB","2020-08-10","1190","1264","1190","1260","5.53 %","3,263.00"
"GILB","2020-08-09","1180","1194","1167","1194","0.34 %","3,062.00"
"GILB","2020-08-06","1206","1206","1182","1190","-1.33 %","791.00"
"GILB","2020-08-05","1205","1207","1160","1183","-1.83 %","2,690.00"
"GILB","2020-08-03","1186","1218","1195","1205","-0.41 %","554.00"
"GILB","2020-08-02","1228","1250","1200","1210","-3.20 %","3,230.00"
"GILB","2020-07-30","1224","1250","1215","1250","3.05 %","1,642.00"
"GILB","2020-07-29","1284","1284","1213","1213","-7.40 %","13,430.00"
"GILB","2020-07-28","1290","1310","1275","1310","0.00 %","3,377.00"
"GILB","2020-07-27","1315","1354","1307","1308","0.15 %","806.00"
"GILB","2020-07-26","1319","1319","1300","1306","0.62 %","2,806.00"
"GILB","2020-07-23","1270","1320","1270","1298","0.62 %","5,973.00"
"GILB","2020-07-22","1312","1313","1281","1290","0.16 %","1,097.00"
"GILB","2020-07-21","1273","1315","1273","1288","-0.54 %","788.00"
"GILB","2020-07-20","1354","1408","1291","1295","-2.48 %","3,777.00"
"GILB","2020-07-19","1328","1328","1328","1328","2.00 %","10.00"
"GILB","2020-07-16","1301","1320","1301","1302","-1.21 %","1,145.00"
"GILB","2020-07-15","1337","1338","1301","1318","0.23 %","5,549.00"
"GILB","2020-07-14","1305","1334","1300","1315","-0.38 %","3,928.00"
"GILB","2020-07-13","1346","1346","1300","1320","0.00 %","874.00"
"GILB","2020-07-12","1315","1339","1290","1320","2.33 %","979.00"
"GILB","2020-07-09","1249","1294","1249","1290","3.37 %","6,541.00"
"GILB","2020-07-08","1248","1280","1225","1248","-1.81 %","1,647.00"
"GILB","2020-07-07","1345","1371","1271","1271","-3.71 %","1,825.00"
"GILB","2020-07-06","1200","1320","1176","1320","10.00 %","2,486.00"
"GILB","2020-07-05","1211","1215","1187","1200","-2.83 %","2,503.00"
"GILB","2020-07-02","1248","1260","1235","1235","0.90 %","165.00"
"GILB","2020-07-01","1140","1224","1140","1224","7.84 %","934.00"
"GILB","2020-06-30","1050","1135","1050","1135","7.99 %","2,326.00"
"GILB","2020-06-29","1029","1050","1029","1051","0.00 %","1,620.00"
"GILB","2020-05-13","1061","1061","1050","1050","-2.96 %","28.00"
"GILB","2020-05-12","1093","1093","1082","1082","-2.96 %","30.00"
"GILB","2020-03-22","1116","1136","1115","1115","-1.93 %","176.00"
"GILB","2020-03-19","1150","1175","1105","1137","-3.07 %","11,071.00"
"GILB","2020-03-18","1124","1200","1090","1161","1.31 %","2,995.00"
"GILB","2020-03-17","1197","1200","1146","1146","-6.07 %","6,913.00"
"GILB","2020-03-16","1234","1234","1186","1220","-1.13 %","15,965.00"
"GILB","2020-03-15","1273","1273","1201","1234","-4.71 %","28,471.00"
"GILB","2020-03-12","1337","1337","1228","1295","-5.06 %","8,325.00"
"GILB","2020-03-11","1266","1364","1250","1364","9.82 %","3,005.00"
"GILB","2020-03-10","1337","1337","1242","1242","-8.94 %","1,546.00"
"GILB","2020-03-05","1314","1393","1263","1364","1.79 %","5,195.00"
"GILB","2020-03-04","1333","1413","1285","1340","-1.40 %","4,507.00"
"GILB","2020-03-03","1475","1446","1328","1359","-7.86 %","13,239.00"
"GILB","2020-03-02","1494","1551","1475","1475","-3.15 %","1,585.00"
"GILB","2020-03-01","1599","1599","1523","1523","-4.75 %","7,901.00"
"GILB","2020-02-27","1613","1650","1568","1599","-2.80 %","3,748.00"
"GILB","2020-02-26","1618","1690","1600","1645","1.86 %","3,965.00"
"GILB","2020-02-25","1500","1615","1480","1615","6.04 %","3,495.00"
"GILB","2020-02-24","1522","1530","1492","1523","0.07 %","3,893.00"
"GILB","2020-02-23","1500","1560","1500","1522","1.53 %","8,067.00"
"GILB","2020-02-20","1446","1533","1450","1499","3.67 %","4,742.00"
"GILB","2020-02-19","1410","1446","1388","1446","2.55 %","6,559.00"
"GILB","2020-02-18","1430","1430","1400","1410","-1.05 %","4,017.00"
"GILB","2020-02-17","1479","1479","1421","1425","-1.99 %","4,643.00"
"GILB","2020-02-16","1440","1454","1402","1454","2.97 %","2,819.00"
"GILB","2020-02-13","1454","1480","1416","1420","-0.42 %","2,746.00"
"GILB","2020-02-12","1352","1465","1352","1426","5.47 %","7,454.00"
"GILB","2020-02-11","1350","1368","1335","1352","2.11 %","1,908.00"
"GILB","2020-02-10","1323","1334","1315","1324","0.91 %","5,261.00"
"GILB","2020-02-09","1300","1324","1300","1312","-0.68 %","5,189.00"
"GILB","2020-02-06","1334","1335","1318","1321","-0.83 %","3,246.00"
"GILB","2020-02-05","1325","1332","1321","1332","0.53 %","4,677.00"
"GILB","2020-02-04","1330","1335","1316","1325","-0.82 %","1,900.00"
"GILB","2020-02-03","1336","1345","1309","1336","0.00 %","5,273.00"
"GILB","2020-02-02","1380","1380","1336","1336","-1.26 %","5,555.00"
"GILB","2020-01-30","1340","1360","1323","1353","2.97 %","3,715.00"
"GILB","2020-01-29","1277","1337","1293","1314","0.84 %","7,799.00"
"GILB","2020-01-28","1332","1332","1290","1303","-0.23 %","7,468.00"
"GILB","2020-01-27","1263","1310","1263","1306","1.40 %","3,015.00"
"GILB","2020-01-26","1300","1320","1270","1270","-2.31 %","1,780.00"
"GILB","2020-01-23","1260","1362","1260","1300","3.17 %","14,723.00"
"GILB","2020-01-22","1284","1310","1257","1260","-3.82 %","1,028.00"
"GILB","2020-01-21","1396","1396","1236","1310","-4.31 %","6,219.00"
"GILB","2020-01-20","1416","1416","1266","1266","-8.86 %","3,848.00"
"GILB","2020-01-19","1346","1450","1340","1389","5.23 %","4,829.00"
"GILB","2020-01-16","1215","1320","1215","1320","10.00 %","5,744.00"
"GILB","2020-01-15","1142","1227","1139","1200","7.14 %","3,647.00"
"GILB","2020-01-14","1085","1151","1065","1120","1.17 %","2,918.00"
"GILB","2020-01-13","1140","1141","1100","1107","-1.07 %","3,703.00"
"GILB","2020-01-12","1042","1083","1011","1083","5.97 %","5,625.00"
"GILB","2020-01-09","950","1024","950","1022","5.47 %","4,620.00"
"GILB","2020-01-08","946","969","927","969","0.52 %","1,766.00"
"GILB","2020-01-07","950","967","913","964","1.58 %","2,010.00"
GILB,2025-01-08,"1,199.00","1,245.00","1,199.00","1,216.00",2.62 %,"4,987.00"
GILB,2025-01-09,"1,230.00","1,230.00","1,206.10","1,208.00",-0.66 %,"1,660.00"
GILB,2025-01-12,"1,190.00","1,208.00","1,186.00","1,186.00",-1.82 %,"1,128.00"
GILB,2025-01-13,"1,166.00","1,192.00","1,166.00","1,175.00",-0.93 %,"1,192.00"
GILB,2025-01-15,"1,157.10","1,174.00","1,157.10","1,166.00",-0.77 %,"2,293.00"
GILB,2025-01-16,"1,189.00","1,189.00","1,155.00","1,172.00",0.51 %,"1,919.00"
GILB,2025-01-19,"1,152.10","1,180.00","1,152.10","1,180.00",0.68 %,975.00
GILB,2025-01-20,"1,180.00","1,194.00","1,156.40","1,180.00",0.00 %,"2,728.00"
GILB,2025-01-21,"1,170.00","1,185.00","1,165.00","1,183.00",0.25 %,"1,596.00"
GILB,2025-01-22,"1,199.00","1,248.40","1,185.00","1,211.00",2.37 %,"4,086.00"
GILB,2025-01-23,"1,211.00","1,230.00","1,188.10","1,219.00",0.66 %,"3,594.00"
GILB,2025-01-26,"1,220.00","1,230.00","1,205.00","1,219.00",0.00 %,"3,712.00"
GILB,2025-01-27,"1,219.00","1,230.00","1,200.00","1,200.00",-1.56 %,"4,035.00"
GILB,2025-01-28,"1,181.00","1,251.00","1,177.00","1,199.00",-0.08 %,"5,622.00"
GILB,2025-02-02,"1,222.90","1,318.90","1,222.90","1,318.90",10.00 %,"27,220.00"
GILB,2025-02-03,"1,345.00","1,399.30","1,335.00","1,340.00",1.60 %,"16,076.00"
GILB,2025-02-04,"1,363.00","1,363.00","1,321.00","1,322.10",-1.34 %,"4,704.00"
GILB,2025-02-05,"1,345.00","1,348.00","1,300.00","1,320.00",-0.16 %,"5,988.00"
GILB,2025-02-06,"1,340.00","1,346.00","1,287.00","1,287.00",-2.50 %,"4,530.00"
GILB,2025-02-09,"1,280.00","1,372.00","1,271.00","1,313.00",2.02 %,"11,718.00"
GILB,2025-02-10,"1,338.00","1,340.00","1,313.00","1,334.00",1.60 %,"6,017.00"
GILB,2025-02-11,"1,331.00","1,360.60","1,297.10","1,297.10",-2.77 %,"8,090.00"
GILB,2025-02-12,"1,299.00","1,337.90","1,299.00","1,318.20",1.63 %,"9,850.00"
GILB,2025-02-13,"1,338.50","1,345.00","1,325.10","1,330.00",0.90 %,"8,609.00"
GILB,2025-02-16,"1,356.00","1,395.00","1,333.00","1,385.00",4.14 %,"17,699.00"
GILB,2025-02-17,"1,399.00","1,435.60","1,389.10","1,418.00",2.38 %,"24,034.00"
GILB,2025-02-18,"1,440.00","1,440.00","1,405.40","1,422.00",0.28 %,"17,896.00"
